0 [0.19791507] [0.66881649] [0.13326844]
1 [0.22906488] [0.63043338] [0.14050174]
1 [0.20568827] [0.66022664] [0.13408509]
2 [0.25096094] [0.60565918] [0.14337988]
2 [0.20919361] [0.65716534] [0.13364106]
3 [0.20006531] [0.68076714] [0.11916755]
3 [0.1751429] [0.69242485] [0.13243224]
4 [0.22453368] [0.64021048] [0.13525585]
4 [0.19862429] [0.67329284] [0.12808287]
5 [0.19113894] [0.68358398] [0.12527707]
5 [0.1798625] [0.69896684] [0.12117065]
6 [0.17681893] [0.70362974] [0.11955133]
6 [0.18437578] [0.69433411] [0.1212901]
7 [0.25074329] [0.61317539] [0.13608132]
7 [0.17559529] [0.70715176] [0.11725296]
8 [0.26864898] [0.59402281] [0.13732821]
8 [0.1241956] [0.62305685] [0.25274756]
9 [0.14575312] [0.66616886] [0.18807802]
9 [0.15633461] [0.68559597] [0.15806943]
10 [0.16399259] [0.69917989] [0.13682753]
10 [0.16013368] [0.69511216] [0.14475416]
11 [0.15861366] [0.694549] [0.14683734]
11 [0.17236483] [0.71642268] [0.11121249]
12 [0.17196435] [0.71756901] [0.11046665]
12 [0.1715646] [0.71871251] [0.10972288]
13 [0.15939352] [0.70280296] [0.13780352]
13 [0.17076733] [0.72099106] [0.10824162]
14 [0.17300914] [0.72899966] [0.0979912]
14 [0.17260748] [0.73011429] [0.09727823]
15 [0.17220655] [0.73122603] [0.09656742]
15 [0.17180636] [0.73233487] [0.09585876]
16 [0.17946002] [0.75319272] [0.06734726]
16 [0.16973886] [0.73268888] [0.09757226]
17 [0.26941639] [0.61859971] [0.1119839]
17 [0.37812941] [0.50604098] [0.11582961]
18 [0.236163] [0.65762024] [0.10621676]
18 [0.34573933] [0.5399254] [0.11433527]
19 [0.68530621] [0.24112245] [0.07357135]
19 [0.61115336] [0.30113525] [0.08771139]
20 [0.79516893] [0.15774843] [0.04708264]
20 [0.66774265] [0.25670878] [0.07554857]
21 [0.60056305] [0.31179759] [0.08763935]
21 [0.44432603] [0.44899975] [0.10667422]
22 [0.75576521] [0.18951662] [0.05471818]
22 [0.81129781] [0.14113075] [0.04757144]
23 [0.76959075] [0.19555046] [0.03485879]
23 [0.74225261] [0.19322323] [0.06452416]
24 [0.8870243] [0.08676912] [0.02620658]
24 [0.32606854] [0.55639266] [0.11753879]
25 [0.61220167] [0.29648193] [0.09131639]
25 [0.33676176] [0.54686249] [0.11637574]
26 [0.55208183] [0.35952283] [0.08839535]
26 [0.27833182] [0.60919217] [0.11247602]
27 [0.47007905] [0.43360723] [0.09631372]
27 [0.31664731] [0.58333465] [0.10001804]
28 [0.52474529] [0.3861604] [0.08909431]
28 [0.54638021] [0.367982] [0.08563778]
29 [0.73114866] [0.21568175] [0.05316959]
29 [0.55151112] [0.35305618] [0.0954327]
30 [0.66238504] [0.31513985] [0.02247511]
30 [0.21030184] [0.73537797] [0.05432019]
31 [0.19392571] [0.7538197] [0.05225459]
31 [0.16698915] [0.78428986] [0.048721]
32 [0.16919149] [0.79100821] [0.03980031]
32 [0.16879687] [0.79194059] [0.03926254]
33 [0.3163071] [0.64066011] [0.04303279]
33 [0.22590092] [0.73252017] [0.0415789]
34 [0.18096694] [0.82145191] [-0.00241884]
34 [0.16074235] [0.76785891] [0.07139874]
35 [0.18066638] [0.74441169] [0.07492193]
35 [0.15396499] [0.76816063] [0.07787437]
36 [0.31023293] [0.6025032] [0.08726387]
36 [0.25676144] [0.64823179] [0.09500677]
37 [0.60897847] [0.31467466] [0.07634687]
37 [0.21993292] [0.69110487] [0.08896222]
38 [0.23522059] [0.67434136] [0.09043806]
38 [0.23958928] [0.67009624] [0.09031448]
39 [0.20354384] [0.71203541] [0.08442075]
39 [0.21496421] [0.69941161] [0.08562418]
40 [0.20702216] [0.70923532] [0.08374252]
40 [0.20627307] [0.70895324] [0.08477368]
41 [0.20028553] [0.71832997] [0.0813845]
41 [0.22425106] [0.73695391] [0.03879504]
42 [0.53690918] [0.43335439] [0.02973644]
42 [0.53993036] [0.35791429] [0.10215535]
43 [0.62210815] [0.29020721] [0.08768463]
43 [0.56297046] [0.33973235] [0.09729719]
44 [0.575493] [0.32989296] [0.09461404]
44 [0.59875315] [0.31122951] [0.09001734]
45 [0.29011622] [0.60099178] [0.108892]
45 [0.50661414] [0.39113016] [0.1022557]
46 [0.30948147] [0.58106988] [0.10944865]
46 [0.62381611] [0.29322997] [0.08295393]
47 [0.97939943] [0.01833826] [0.0022623]
47 [0.97016072] [0.02593745] [0.00390183]
