2649	2671	-4.96	0	-1	0	1	2	0	4	0	1	2	0	5	63
2668	2629	0.82	0	0	2	2	1	1	8	2	1	2	1	8	17
2605	2620	0.23	0	0	2	2	2	1	8	2	2	2	1	8	17
2730	2628	0.54	0	0	2	1	2	1	6	2	1	2	1	6	46
2784	2814	-1.4	0	-1	0	0	1	0	4	0	1	0	0	5	75
2646	2627	-6.45	0	-1	1	0	0	1	6	1	0	0	1	7	79
2618	2741	-0.14	0	9	2	2	2	1	7	2	2	2	0	7	36
2600	2600	-3.29	0	-2	2	0	2	0	4	2	1	2	0	3	61
2689	2633	-6.94	0	-3	2	1	0	1	4	2	0	1	1	7	74
2611	2692	-5.64	0	-2	1	0	1	0	2	1	1	0	0	4	75
2647	2618	-4.86	0	0	1	0	1	1	5	2	0	2	0	6	75
2643	2695	-0.22	0	0	2	2	2	1	8	2	2	2	1	8	12
2641	2638	-1.04	0	-3	0	1	0	1	3	0	0	2	1	3	67
2693	2700	-2.68	0	-5	1	0	1	1	6	2	0	1	1	6	47
2650	2670	-1.02	0	0	0	1	1	0	5	1	1	0	0	3	82
2672	2682	0.33	0	0	2	2	2	1	8	2	2	2	1	8	1
2678	2702	-0.02	0	0	1	0	1	1	7	1	0	2	1	4	62
2636	2668	0.36	0	0	2	2	2	1	7	2	2	2	1	7	24
2741	2786	-0.66	0	-4	2	1	1	1	6	2	1	2	1	7	34
2654	2707	3.94	0	3	1	0	1	0	1	1	0	0	0	1	0
2653	2677	0.12	0	0	2	2	2	1	8	2	2	2	1	8	22
2765	2755	0.75	0	0	2	1	1	1	7	2	1	1	1	7	23
2768	2734	-4.59	0	-1	0	0	1	0	4	0	1	0	0	5	78
2767	2740	0.0	0	-1	2	0	1	0	4	2	1	0	0	5	66
2606	2632	-4.59	0	-3	1	1	0	0	3	2	0	0	0	4	103
2619	2730	0.72	0	0	2	2	2	1	8	2	2	2	1	8	9
2658	2702	-3.7	0	-1	2	1	1	1	6	2	1	1	1	7	52
2681	2666	-4.1	0	-1	0	0	1	0	2	0	1	0	0	3	114
2605	2660	0.0	0	0	2	1	2	1	7	2	1	2	1	7	28
2605	2635	-4.71	0	-2	1	0	1	0	4	1	0	1	0	6	73
2615	2715	-0.12	0	-1	2	2	2	1	7	2	2	2	1	8	29
2709	2613	0.37	0	0	2	2	2	1	8	2	2	2	1	8	11
2629	2734	0.07	0	0	2	1	0	0	7	2	0	1	0	7	52
2660	2652	0.47	0	0	2	2	2	1	8	2	2	2	1	8	29
2678	2656	0.11	0	0	2	2	2	1	8	2	2	2	1	8	8
2741	2786	-5.2	0	-4	1	0	0	0	4	1	1	1	0	2	67
2616	2725	0.26	0	0	2	2	2	1	8	2	2	2	1	8	1
2604	2626	-7.94	0	-2	1	0	0	0	4	1	0	0	0	6	71
2664	2726	0.29	0	0	2	2	2	1	8	2	2	2	1	8	5
2780	2733	0.29	0	0	2	1	2	1	7	2	1	2	1	7	19
2606	2710	-0.06	0	0	2	2	2	1	8	2	2	2	1	8	4
2740	2725	0.12	0	0	2	2	2	1	7	2	2	2	1	7	17
2624	2614	0.42	0	0	2	2	2	1	8	2	2	2	1	8	5
2667	2601	-3.05	0	-1	0	1	1	0	1	0	1	1	0	2	122
2723	2783	-0.05	0	-1	2	2	1	1	4	2	1	2	1	5	51
2629	2661	-0.63	0	6	2	2	2	1	8	1	2	2	1	7	23
2801	2650	-6.34	0	-3	0	0	2	1	5	1	1	1	1	3	92
2641	2665	-2.84	0	2	1	0	2	0	4	1	0	1	0	5	66
2717	2719	-0.95	0	0	2	0	2	1	5	2	0	2	1	5	52
2652	2767	0.49	0	0	2	1	2	1	8	2	1	2	1	8	13
2604	2602	0.27	0	3	2	1	2	1	6	2	0	2	1	6	20
2636	2682	0.35	0	1	2	2	2	1	8	2	2	2	1	7	8
2660	2658	-3.13	0	-1	2	0	0	1	6	1	2	1	1	3	52
2650	2665	-1.56	0	0	2	0	0	1	5	2	0	0	1	5	75
2609	2665	-0.44	0	0	2	2	2	1	7	2	2	2	1	7	32
2714	2651	0.92	0	0	2	2	2	1	8	2	2	2	1	8	31
2600	2734	0.18	0	0	2	2	2	1	8	2	2	2	1	8	6
2615	2626	-0.12	0	0	2	2	2	1	8	2	2	2	1	8	16
2630	2602	0.29	0	0	2	2	2	1	7	2	2	2	1	7	21
2649	2673	-5.32	0	-1	2	0	0	1	4	1	2	0	1	4	96
2694	2751	-2.15	0	0	0	0	1	1	6	0	0	1	1	6	80
2725	2635	-0.25	0	-1	2	1	1	1	5	2	0	2	1	6	51
2645	2700	0.14	0	0	2	2	2	1	8	2	2	2	1	8	12
2667	2820	0.83	0	0	2	2	2	1	7	2	2	2	1	7	49
2638	2654	-1.02	0	0	2	2	2	1	7	2	2	2	1	7	42
2743	2746	-60.37	0	-3	0	1	1	0	3	0	0	0	1	3	111
2634	2647	-1.89	0	-2	1	0	1	1	5	1	2	0	1	4	59
2726	2812	0.53	0	0	2	2	2	1	7	2	2	2	1	7	14
2742	2699	0.32	0	0	2	2	2	1	8	2	2	2	1	8	5
2746	2715	0.13	0	0	2	2	2	1	8	2	2	2	1	8	11
2637	2669	0.48	0	-1	2	2	2	1	7	2	2	2	1	8	13
2717	2792	-2.41	0	0	1	1	1	0	3	1	1	1	0	3	122
2638	2719	0.08	0	-1	2	1	2	1	7	2	2	1	1	8	15
2740	2620	0.38	0	0	2	2	2	1	8	2	2	2	1	8	1
2634	2602	-0.58	0	-2	1	0	1	0	3	1	1	0	0	5	78
2638	2634	0.3	0	0	2	2	2	1	8	2	2	2	1	8	2
2600	2725	-0.78	0	-1	2	0	0	0	3	1	1	1	0	3	110
2666	2687	-1.26	0	0	2	2	0	0	6	2	1	1	0	6	50
2619	2600	-7.01	0	-8	0	1	0	1	4	0	0	1	2	3	71
2738	2704	0.29	0	0	2	2	2	1	8	2	2	2	1	8	5
2626	2705	-1.91	0	-1	1	1	2	1	5	2	1	1	1	4	64
2610	2700	-1.21	0	-3	2	1	1	1	7	2	1	2	1	7	23
2654	2759	0.0	0	0	2	0	0	1	3	2	0	0	1	3	93
2613	2634	-2.47	0	-3	2	1	1	1	6	2	2	1	1	6	51
2651	2617	-2.1	0	0	1	0	1	0	4	1	1	0	0	4	81
2634	2615	-4.78	0	-1	0	1	0	1	3	0	0	1	1	4	98
2609	2624	-5.79	0	0	0	0	1	0	4	0	0	1	0	4	87
2602	2710	0.5	0	0	2	2	2	1	7	2	2	2	1	7	11
2645	2679	-0.25	0	0	2	2	1	0	7	2	2	1	0	7	24
2663	2715	-0.85	0	0	2	1	1	1	8	2	2	1	1	5	26
2729	2706	2.23	0	2	2	0	0	1	2	1	0	1	1	2	90
2678	2804	-1.98	0	2	2	0	1	1	5	1	1	1	1	5	54
2645	2729	-0.33	0	0	2	0	1	1	5	2	0	1	1	5	47
2630	2645	-1.9	0	-1	2	1	1	1	5	2	1	1	1	6	30
2647	2674	0.0	0	0	2	2	1	1	7	2	1	2	1	7	23
2734	2732	0.73	0	0	2	1	2	1	7	2	1	2	1	7	38
2775	2725	-3.84	0	-2	1	0	1	0	0	1	0	1	0	2	187
2600	2636	-4.85	0	-3	1	0	1	0	5	2	0	0	0	6	69
2610	2678	0.35	0	0	2	2	2	1	8	2	2	2	1	8	12
2760	2795	-0.05	0	0	2	1	2	1	7	2	1	2	1	7	18
2655	2621	-1.18	0	0	2	1	1	1	5	2	1	1	1	5	51
2681	2643	1.15	0	-1	2	1	2	1	5	2	1	2	1	6	29
2610	2635	0.57	0	2	1	0	1	1	6	1	0	1	1	4	60
2822	2772	0.19	0	0	2	2	2	1	8	2	2	2	1	8	5
2679	2655	1.3	0	0	2	2	1	1	6	2	1	2	1	6	28
2713	2690	-0.26	0	0	2	2	2	1	7	2	2	2	1	7	42
2616	2657	0.0	0	0	2	0	2	1	6	2	1	1	1	6	31
2688	2619	0.57	0	0	2	1	0	1	7	2	1	0	1	7	44
2630	2605	-3.84	0	-1	1	0	1	0	2	1	1	0	0	3	118
2725	2690	-2.74	0	-2	0	0	1	0	2	1	0	0	0	2	213
2714	2646	0.0	0	-1	2	1	1	0	6	2	1	1	0	7	33
2688	2659	0.37	0	0	2	1	2	1	6	2	1	2	1	6	52
2605	2610	0.15	0	0	2	2	2	1	8	2	2	2	1	8	8
2665	2660	-6.55	0	2	2	0	0	1	3	1	0	1	1	3	91
2615	2655	-5.59	0	-2	1	0	1	0	1	1	1	0	0	3	97
2625	2642	-0.49	0	0	0	0	1	1	6	0	0	1	1	6	74
2658	2606	0.0	0	0	2	2	0	0	6	2	0	2	0	6	67
2655	2635	0.59	0	0	2	2	2	1	8	2	2	2	1	8	15
2610	2605	0.31	0	-3	2	0	1	1	8	2	1	1	1	8	33
2670	2749	-0.55	0	2	2	0	2	0	5	2	0	1	0	6	54
2760	2772	-5.09	0	-3	1	0	1	1	4	2	0	0	1	5	86
2660	2725	-1.93	0	0	2	1	1	1	7	2	1	1	1	7	46
2619	2715	-8.16	0	-1	1	0	0	0	1	1	0	0	0	2	137
2668	2716	0.4	0	0	2	2	2	1	7	2	2	2	1	7	17
2715	2610	1.84	0	3	1	0	1	1	3	1	0	0	1	3	130
2630	2675	0.53	0	0	2	2	2	1	7	2	2	2	1	7	0
2725	2796	0.0	0	0	0	0	2	0	2	0	0	2	0	2	0
2700	2820	-0.95	0	-1	2	0	1	1	5	2	0	1	1	6	52
2683	2700	-13.33	0	0	0	0	0	1	1	0	0	0	1	1	146
2638	2683	-3.82	0	-1	2	0	0	1	4	2	1	0	1	2	72
2660	2761	-0.45	0	0	2	2	2	1	8	2	2	2	1	8	35
2672	2681	0.0	0	-1	2	1	1	1	6	2	2	1	1	4	33
2764	2768	-9.48	0	-3	2	1	0	0	3	2	1	1	0	3	75
2606	2809	0.18	0	-1	2	2	2	1	7	2	2	2	1	8	11
2634	2648	-0.51	0	0	1	1	1	1	6	1	2	0	1	6	55
2605	2650	-3.44	0	-1	1	1	0	0	4	1	1	0	0	5	87
2670	2685	0.44	0	0	2	2	2	1	8	2	2	2	1	8	15
2637	2648	-0.5	0	-1	2	2	2	1	7	2	2	2	1	8	29
2619	2614	-1.16	0	5	2	2	1	0	7	1	1	2	0	7	44
2734	2702	0.46	0	0	2	2	2	1	8	2	2	2	1	8	18
2655	2605	-6.0	0	-1	2	1	1	1	4	2	1	1	1	5	41
2625	2690	0.08	0	0	2	2	2	1	8	2	2	2	1	8	14
2774	2643	-0.93	0	0	2	1	2	1	8	2	1	2	1	8	38
2607	2681	-2.98	0	-3	2	1	1	1	7	2	2	1	1	7	59
2756	2741	0.85	0	0	2	2	2	1	7	2	2	2	1	7	19
2663	2777	-5.09	0	0	2	1	2	0	6	1	0	2	1	5	48
2654	2706	-4.57	0	-1	1	1	0	1	4	1	1	0	1	5	93
2698	2603	0.26	0	0	2	1	1	0	6	2	1	1	0	6	51
2630	2690	-0.4	0	0	2	1	2	1	6	2	2	1	1	6	35
2670	2626	0.19	0	0	2	1	2	1	6	2	1	2	1	6	22
2710	2696	0.44	0	-1	2	2	2	1	7	2	2	2	1	8	11
2697	2664	-0.68	0	0	2	0	1	1	7	2	1	0	1	7	66
2653	2729	-0.13	0	-1	2	0	2	1	5	2	0	2	1	6	31
2645	2680	-0.76	0	0	2	2	2	1	6	2	2	2	1	6	33
2614	2637	0.16	0	0	2	2	2	1	7	2	2	2	1	7	18
2635	2693	-7.66	0	-2	0	1	0	0	3	0	1	0	0	5	123
2620	2640	0.21	0	0	2	2	2	1	8	2	2	2	1	8	2
2764	2708	0.37	0	0	2	2	2	1	8	2	2	2	1	8	8
2658	2681	-3.39	0	-1	2	1	1	1	5	2	0	2	1	6	54
2630	2805	0.28	0	0	2	2	2	1	7	2	2	2	1	7	35
2621	2705	-3.86	0	-2	0	1	1	0	1	1	0	0	0	4	89
2800	2730	-3.9	0	-2	0	0	1	0	1	0	0	1	0	3	98
2640	2760	-3.94	0	-1	1	0	1	0	2	1	0	1	0	3	70
2615	2684	0.11	0	0	2	1	1	0	8	2	1	1	0	8	27
2663	2777	0.01	0	0	2	2	2	1	7	2	2	2	1	7	32
2629	2686	0.0	0	1	2	1	1	1	6	2	1	1	1	5	41
2747	2668	0.33	0	0	2	2	2	1	8	2	2	2	1	8	8
2680	2717	-1.0	0	0	2	1	1	1	6	2	1	1	1	6	40
2670	2662	0.24	0	0	2	2	2	1	7	2	2	2	1	7	9
2759	2716	0.3	0	0	2	0	1	1	8	2	1	0	1	8	39
2610	2635	0.25	0	0	2	2	2	1	8	2	2	2	1	8	21
2686	2732	0.43	0	0	2	2	2	1	8	2	2	2	1	8	20
2675	2650	-3.29	0	-1	1	1	0	0	3	1	0	2	0	1	87
2678	2782	0.77	0	0	2	2	2	1	8	2	2	2	1	8	9
2707	2725	-0.09	0	0	0	1	0	0	6	0	1	0	0	6	84
2624	2697	-0.25	0	0	2	2	1	1	7	2	1	2	1	7	30
2653	2618	0.29	0	0	2	2	2	1	8	2	2	2	1	8	6
2734	2810	-0.67	0	-1	1	1	1	0	5	2	0	1	0	4	71
2609	2674	0.53	0	0	2	2	2	1	8	2	2	2	1	8	7
2714	2777	0.1	0	0	2	2	2	1	7	2	2	2	1	7	21
2673	2718	0.3	0	0	2	2	2	1	7	2	2	2	1	7	19
2675	2713	0.02	0	0	2	2	2	1	8	2	2	2	1	8	17
2630	2685	0.64	0	0	2	2	2	1	8	2	2	2	1	8	11
2745	2609	0.45	0	0	2	2	1	1	8	2	1	2	1	8	13
2679	2679	0.76	0	0	1	0	1	1	4	1	1	0	1	4	50
2629	2686	0.25	0	0	2	2	2	1	8	2	2	2	1	8	26
2742	2606	0.68	0	-1	2	2	2	1	7	2	2	2	1	8	24
2635	2615	0.12	0	0	2	2	2	1	8	2	2	2	1	8	8
2611	2608	0.26	0	0	2	2	2	1	8	2	2	2	1	8	6
2667	2615	0.19	0	-3	2	1	0	1	6	2	1	1	1	6	41
2609	2607	-4.28	0	0	0	1	0	1	3	0	0	1	1	3	97
2650	2630	1.86	0	0	1	2	1	1	7	1	2	1	1	7	65
2752	2769	0.19	0	0	2	2	2	1	7	2	2	2	1	7	10
2615	2665	0.35	0	0	2	2	2	1	8	2	2	2	1	8	13
2602	2669	-1.15	0	0	1	0	1	0	2	1	1	0	0	2	123
2610	2616	1.01	0	0	2	1	2	1	7	2	2	1	1	7	23
2655	2633	-4.18	0	-1	2	1	1	1	6	2	2	0	1	7	45
2740	2740	-2.93	0	0	2	0	0	0	5	2	0	0	0	5	67
2727	2801	-1.9	0	-2	1	1	0	0	3	1	0	1	0	5	99
2622	2600	-0.18	0	0	2	1	1	1	7	2	1	1	1	7	27
2626	2612	0.47	0	0	2	2	2	1	8	2	2	2	1	8	7
2675	2758	-4.03	0	-1	2	1	2	1	5	2	1	2	1	6	53
2707	2628	-0.17	0	-1	1	0	1	0	2	1	0	1	0	3	114
2661	2691	-5.19	0	0	2	1	0	1	4	1	1	1	1	6	82
2625	2710	0.52	0	0	2	2	2	1	7	2	2	2	1	7	8
2744	2810	-2.01	0	0	2	0	2	1	6	2	1	1	1	6	55
2718	2781	0.47	0	0	2	2	2	1	8	2	2	2	1	8	5
2620	2610	0.7	0	0	2	1	2	0	7	2	2	1	0	7	40
2747	2625	-0.57	0	-4	1	0	1	0	3	1	0	2	0	4	59
2739	2837	0.28	0	0	2	2	2	1	8	2	2	2	1	8	1
2695	2603	0.38	0	-1	1	1	1	0	5	1	1	1	0	6	55
2739	2788	0.26	0	0	2	2	2	1	8	2	2	2	1	8	5
2630	2688	0.58	0	0	2	2	2	1	7	2	2	2	1	7	30
2618	2623	-3.71	0	0	2	1	0	0	5	2	1	0	0	5	79
2648	2794	-2.98	0	0	2	2	1	0	5	2	1	2	0	5	46
2625	2605	0.24	0	1	2	2	2	1	8	2	2	2	1	7	18
2625	2645	0.0	0	0	2	2	2	1	8	2	2	2	1	8	10
2655	2730	-1.74	0	-5	2	1	0	1	4	2	0	2	1	6	51
2726	2810	0.1	0	0	2	2	2	1	8	2	2	2	1	8	5
2655	2645	1.75	0	0	2	1	1	1	6	2	1	1	1	6	59
2678	2731	0.43	0	0	2	2	2	1	7	2	2	2	1	7	11
2600	2665	0.58	0	0	2	1	0	1	6	2	0	1	1	6	55
2708	2723	0.3	0	0	2	2	2	1	7	2	2	2	1	7	14
2690	2812	0.27	0	0	2	2	2	1	7	2	2	2	1	7	8
2793	2747	0.37	0	-1	2	1	1	1	7	2	1	1	1	8	31
2681	2613	0.0	0	0	2	2	1	1	8	2	1	2	1	8	45
2630	2675	-3.46	0	0	1	1	2	1	5	1	1	2	1	5	64
2684	2796	0.2	0	0	2	1	1	1	6	2	1	1	1	6	30
2660	2725	-0.9	0	9	2	1	1	1	7	2	1	1	0	7	70
2669	2736	0.29	0	0	2	2	2	1	6	2	2	2	1	6	32
2677	2637	-0.93	0	0	2	1	1	0	3	2	1	1	0	3	72
2731	2772	0.42	0	0	2	2	2	1	6	2	2	2	1	6	57
2615	2715	0.12	0	0	2	2	2	1	8	2	2	2	1	8	14
2630	2679	0.37	0	0	2	2	2	1	8	2	2	2	1	8	9
2770	2743	0.33	0	0	2	2	2	1	7	2	2	2	1	7	29
2674	2726	-3.33	0	-9	2	0	1	0	5	2	1	0	1	5	75
2716	2665	0.6	0	-1	0	1	1	1	5	1	0	1	1	4	67
2682	2800	-0.95	0	0	2	1	1	0	5	2	0	2	0	5	47
2615	2633	-0.05	0	0	2	1	1	1	6	2	1	1	1	6	44
2645	2611	-20.28	0	-2	0	1	0	1	3	0	1	0	1	5	109
2621	2614	-6.01	0	-1	1	1	0	0	3	1	0	1	0	4	130
2705	2690	0.34	0	0	2	2	2	1	8	2	2	2	1	8	5
2770	2736	0.77	0	0	2	2	2	1	7	2	2	2	1	7	13
2602	2610	-4.59	0	4	2	1	1	1	5	1	1	1	1	6	52
2643	2681	-6.85	0	0	2	0	2	1	6	2	2	0	1	6	56
2621	2711	1.43	0	0	2	2	2	1	6	2	2	2	1	6	42
2697	2605	-0.59	0	2	2	2	2	1	5	2	1	2	1	6	40
2645	2625	0.0	0	0	2	2	1	1	6	2	1	2	1	6	24
2692	2664	-0.87	0	0	2	1	2	1	6	2	1	2	1	6	46
2643	2710	0.18	0	1	2	0	1	0	6	2	1	0	0	5	38
2675	2713	3.93	0	0	1	0	1	1	5	1	0	1	1	5	73
2628	2608	0.25	0	0	2	0	2	1	7	2	1	1	1	7	27
2655	2600	-8.32	0	1	1	0	1	1	4	0	1	1	1	5	99
2652	2788	0.64	0	0	2	1	0	1	6	2	0	1	1	6	59
2688	2623	-0.31	0	1	0	1	1	1	6	0	0	2	1	5	70
2720	2717	-3.86	0	-1	2	1	0	1	4	2	0	1	1	5	63
2644	2716	2.43	0	0	2	1	2	1	6	2	2	1	1	6	62
2696	2614	-4.3	0	-1	1	1	1	0	3	1	1	1	0	4	78
2654	2676	0.35	0	0	2	2	2	1	8	2	2	2	1	8	1
2749	2719	-1.04	0	0	0	1	0	0	3	0	0	1	0	3	89
2713	2700	-3.78	0	-3	1	1	0	0	2	1	1	1	0	2	65
2691	2699	0.05	0	-1	2	1	2	1	6	2	1	2	1	7	28
2615	2625	0.87	0	2	2	1	2	1	6	2	1	2	1	4	44
2612	2603	-0.38	0	0	2	1	2	1	7	2	1	2	1	7	22
2710	2605	0.12	0	0	1	2	1	1	5	1	1	2	1	5	71
2756	2717	-0.49	0	-1	1	0	1	0	3	1	0	1	0	4	68
2630	2805	-2.83	0	0	2	1	1	1	6	2	2	0	1	6	62
2665	2633	-5.46	0	0	2	0	1	0	5	1	0	0	1	4	69
2662	2736	-4.09	0	-1	1	1	0	0	3	1	1	0	0	4	123
2605	2620	-4.99	0	-1	1	0	1	1	3	1	1	0	1	4	91
2625	2703	-2.77	0	-1	2	1	1	1	5	2	0	2	1	6	51
2801	2820	0.4	0	0	2	2	1	1	8	2	1	2	1	8	14
2804	2803	-0.62	0	0	2	2	2	1	8	2	2	2	1	8	36
2659	2616	-0.73	0	0	2	2	2	1	6	2	2	2	1	6	38
2603	2648	0.0	0	-1	2	2	2	1	6	2	2	2	1	7	17
2625	2600	0.35	0	0	2	2	2	1	8	2	2	2	1	8	3
2661	2697	-0.05	0	0	2	2	1	1	7	2	1	2	1	7	27
2677	2649	0.5	0	0	2	2	2	1	8	2	2	2	1	8	17
2697	2664	-3.95	0	1	1	0	1	1	5	1	1	0	1	4	117
2612	2700	-0.4	0	0	2	0	0	0	7	2	0	0	0	7	45
2660	2661	-3.1	0	0	1	2	0	0	6	1	1	1	0	6	75
2749	2779	-2.84	0	4	2	0	2	0	4	1	0	2	0	5	68
2616	2690	-0.47	0	0	2	1	2	1	6	2	2	1	1	6	53
2757	2776	-0.32	0	0	2	1	2	1	8	2	2	1	1	8	16
2694	2769	-0.21	0	0	2	2	0	1	8	2	1	1	1	8	25
2676	2734	0.46	0	0	2	1	1	1	7	2	1	1	1	7	46
2655	2674	1.07	0	0	2	2	2	1	8	2	2	2	1	8	9
2694	2710	-0.43	0	0	2	2	1	1	6	2	2	1	1	6	38
2620	2655	-2.94	0	1	2	0	0	1	7	2	0	0	1	6	46
2780	2615	-2.77	0	0	2	1	1	1	6	2	0	2	1	6	92
2665	2694	0.09	0	0	2	2	2	1	6	2	2	2	1	6	16
2623	2605	-4.71	0	-3	2	0	0	0	3	2	0	1	0	3	82
2669	2624	0.25	0	0	2	2	2	1	8	2	2	2	1	8	4
2621	2711	-0.2	0	0	2	2	2	1	8	2	2	2	1	8	10
2697	2773	-5.57	0	-3	1	0	0	0	6	1	1	0	0	6	65
2607	2632	0.89	0	0	2	2	1	0	6	2	2	1	0	6	33
2628	2631	-0.83	0	-3	2	0	1	1	5	2	1	1	1	5	43
2618	2689	1.34	0	-1	2	2	2	1	6	2	2	2	1	7	25
2737	2696	-1.4	0	-1	2	0	1	1	5	2	1	0	1	6	44
2652	2671	-0.71	0	0	2	1	1	0	7	2	1	1	0	7	46
2650	2765	-4.59	0	-5	1	1	0	1	2	1	1	1	1	4	71
2619	2750	-57.09	0	0	0	0	0	0	1	0	0	0	0	1	152
2711	2726	-0.01	0	0	2	2	2	1	8	2	2	2	1	8	17
2737	2709	-7.93	0	-3	1	0	1	0	1	1	0	1	0	4	102
2625	2640	0.38	0	0	2	2	2	1	8	2	2	2	1	8	12
2659	2720	0.63	0	0	2	2	2	1	8	2	2	2	1	8	8
2660	2650	0.34	0	-1	2	2	2	1	7	2	2	2	1	8	13
2702	2705	-1.02	0	0	2	1	1	1	6	2	1	1	1	6	52
2615	2600	0.01	0	1	2	2	1	1	8	2	2	1	1	7	20
2787	2742	0.28	0	0	2	2	2	1	8	2	2	2	1	8	9
2823	2817	0.08	0	0	2	1	2	1	8	2	1	2	1	8	15
2633	2656	0.59	0	-1	2	1	2	1	5	2	1	2	1	6	27
2635	2600	0.25	0	0	2	2	2	1	8	2	2	2	1	8	1
2632	2657	0.67	0	0	2	2	2	1	7	2	2	2	1	7	28
2636	2724	-1.2	0	-2	2	1	1	0	4	2	1	1	0	6	58
2678	2643	-4.61	0	-2	1	1	0	0	2	1	1	0	0	4	93
2640	2685	-3.64	0	0	2	1	1	1	5	2	1	1	1	5	31
2693	2624	0.25	0	0	2	1	2	1	7	2	2	1	1	7	26
2815	2817	-2.16	0	0	1	0	0	0	3	1	0	0	0	3	84
2679	2648	-2.86	0	-1	0	2	1	1	6	0	1	2	1	7	54
2601	2707	-0.3	0	-1	1	0	1	1	2	1	1	0	1	3	67
2815	2817	-1.38	0	0	2	1	1	1	7	2	1	1	1	7	36
2670	2654	-3.75	0	7	2	1	0	1	4	1	1	0	1	2	76
2758	2762	0.33	0	0	2	2	2	1	8	2	2	2	1	8	7
2805	2655	0.4	0	2	2	2	1	1	7	2	2	1	1	5	30
2682	2690	0.97	0	0	2	2	1	1	7	2	2	1	1	7	33
2790	2763	0.14	0	0	2	2	2	1	8	2	2	2	1	8	1
2662	2762	-0.21	0	-1	2	2	2	1	7	2	2	2	1	8	20
2635	2687	1.12	0	0	2	2	2	1	8	2	2	2	1	8	13
2650	2605	-1.37	0	1	2	1	2	1	8	2	2	1	1	7	25
2627	2604	0.08	0	-1	2	2	2	1	6	2	2	2	1	7	0
2752	2783	-0.36	0	1	2	0	2	1	7	2	1	1	1	6	62
2660	2685	-0.55	0	0	2	0	1	1	6	2	0	1	1	6	38
2633	2733	-0.08	0	0	2	1	2	1	7	2	1	2	1	7	23
2709	2715	-1.94	0	0	1	0	1	0	6	1	1	1	0	3	59
2720	2698	-4.13	0	1	2	0	1	1	3	1	0	2	1	4	63
2694	2748	0.51	0	0	2	2	2	1	8	2	2	2	1	8	3
2639	2750	-0.72	0	0	2	2	2	1	7	2	2	2	1	7	20
2702	2640	-10.72	0	0	2	1	1	1	3	2	0	1	1	6	79
2697	2676	-0.4	0	0	1	1	2	1	6	1	2	1	1	6	32
2630	2615	1.15	0	0	2	1	2	1	7	2	1	2	1	7	41
2615	2635	-2.07	0	-1	2	1	0	0	6	2	1	0	0	7	70
2640	2676	0.72	0	0	2	1	0	0	7	2	1	0	0	7	72
2664	2686	-0.12	0	0	2	2	2	1	8	2	2	2	1	8	16
2604	2705	0.13	0	0	2	1	2	1	7	2	1	2	1	7	16
2703	2697	-1.81	0	-1	1	0	2	0	4	1	0	2	0	5	47
2623	2677	0.43	0	0	2	2	2	1	7	2	2	2	1	7	19
2743	2770	-0.05	0	0	2	2	1	0	7	2	1	2	0	7	20
2604	2629	-0.34	0	0	2	2	1	1	7	2	1	2	1	7	27
2729	2694	0.21	0	0	2	2	2	1	7	2	2	2	1	7	14
2621	2602	0.0	0	1	2	1	2	1	8	2	2	1	1	7	16
2700	2682	0.0	0	1	0	1	1	0	4	0	1	1	0	3	98
2756	2717	0.42	0	0	2	1	2	0	6	2	1	2	0	6	38
2602	2711	-1.0	0	0	2	1	2	1	6	2	1	2	1	6	30
2659	2768	-0.06	0	-9	2	0	2	0	7	2	1	1	1	7	45
2712	2622	0.0	0	0	2	2	2	1	7	2	2	2	1	7	12
2690	2673	-1.67	0	0	1	1	1	0	3	1	1	1	0	3	85
2625	2610	0.22	0	0	2	2	2	1	8	2	2	2	1	8	6
2635	2645	-5.06	0	-3	2	2	1	0	4	1	1	1	1	6	57
2615	2690	0.08	0	0	2	2	2	1	7	2	2	2	1	7	27
2634	2664	-1.01	0	-1	2	2	2	1	7	2	2	2	1	8	12
2645	2615	-0.06	0	2	1	0	1	0	3	1	0	0	0	4	100
2727	2801	-4.81	0	-1	1	1	0	0	3	1	0	1	0	4	130
2677	2751	0.75	0	0	2	1	1	1	3	2	1	0	1	6	75
2616	2673	0.38	0	0	2	2	2	1	7	2	2	2	1	7	12
2630	2635	-0.26	0	0	2	1	1	1	6	2	1	1	1	6	68
2692	2628	-7.32	0	1	1	0	1	0	3	1	0	1	0	2	134
2664	2655	0.0	0	0	2	1	2	1	7	2	1	2	1	7	24
2672	2636	0.45	0	0	2	2	2	1	8	2	2	2	1	8	11
2616	2681	-4.61	0	-3	0	1	1	0	3	0	0	0	1	3	94
2655	2725	0.47	0	1	2	2	2	1	7	2	2	2	1	6	22
2749	2780	0.0	0	1	2	0	0	0	4	1	0	1	0	5	80
2650	2625	0.0	0	2	2	1	0	1	6	2	1	0	1	4	52
2634	2669	0.0	0	0	2	2	1	1	7	2	2	1	1	7	22
2641	2689	-5.21	0	0	1	0	0	0	4	1	0	0	0	4	84
2734	2723	0.69	0	-2	2	1	2	1	7	2	2	2	1	6	25
2699	2719	-15.78	0	0	1	0	1	1	4	1	0	1	1	4	91
2763	2788	0.11	0	0	2	2	2	1	7	2	2	2	1	7	12
2658	2658	-3.77	0	1	1	0	1	1	6	1	0	1	1	5	69
2722	2765	0.06	0	0	2	2	2	1	8	2	2	2	1	8	16
2727	2796	-3.2	0	1	1	0	1	1	6	1	0	1	1	5	68
2600	2675	2.18	0	0	2	1	1	0	5	2	2	0	0	5	55
2614	2631	0.23	0	0	2	2	2	1	8	2	2	2	1	8	11
2745	2610	1.5	0	2	2	1	0	0	5	1	1	1	0	5	50
2617	2679	-0.46	0	0	2	2	2	1	6	2	2	2	1	6	47
2677	2798	0.0	0	-1	1	0	0	0	3	1	0	1	0	1	128
2630	2685	-3.51	0	-2	2	1	1	1	6	2	1	2	1	5	56
2664	2619	-1.92	0	-1	1	2	0	0	4	1	1	1	0	5	81
2766	2767	-1.98	0	0	2	2	2	1	6	2	2	2	1	6	37
2606	2669	-7.59	0	-1	1	2	2	1	4	2	2	0	1	6	68
2621	2651	0.31	0	0	2	2	2	1	8	2	2	2	1	8	1
2699	2688	0.41	0	0	2	2	2	0	6	2	2	2	0	6	47
2641	2678	1.25	0	0	2	1	2	1	6	2	1	2	1	6	53
2693	2794	-4.16	0	-1	1	1	1	1	3	1	1	1	1	4	64
2674	2701	0.16	0	0	2	2	2	1	8	2	2	2	1	8	2
2659	2621	0.19	0	0	2	2	2	1	8	2	2	2	1	8	5
2782	2799	0.2	0	0	2	2	2	1	8	2	2	2	1	8	3
2791	2741	0.0	0	0	2	1	2	1	7	2	2	1	1	7	25
2750	2733	-3.69	0	1	2	2	1	1	6	2	1	2	1	5	42
2670	2605	-4.92	0	0	2	0	1	1	6	2	1	0	1	6	71
2735	2732	0.1	0	0	2	1	1	0	6	2	1	1	0	6	34
2668	2694	-2.27	0	1	2	1	1	1	4	2	0	1	1	6	52
2684	2602	0.68	0	0	2	1	1	1	6	2	1	1	1	6	55
2644	2734	-2.66	0	-1	1	0	0	0	1	1	0	0	0	2	161
2610	2650	-2.41	0	-1	0	0	0	1	2	0	0	0	1	3	175
2620	2615	0.32	0	0	2	2	2	1	7	2	2	2	1	7	15
2645	2729	-0.52	0	0	2	0	1	1	5	2	0	1	1	5	59
2676	2640	0.35	0	0	2	2	2	1	8	2	2	2	1	8	5
2738	2686	-3.92	0	-2	0	1	0	1	4	1	1	2	0	4	54
2634	2730	-6.86	0	0	1	0	0	0	4	0	0	2	0	3	99
2645	2600	-0.42	0	0	1	0	1	0	7	1	1	0	0	7	97
2648	2632	-1.11	0	0	0	2	2	1	6	1	1	2	1	4	49
2605	2670	0.0	0	0	2	2	1	1	7	2	1	2	1	7	21
2633	2629	-2.96	0	-2	1	0	0	0	3	1	0	1	0	2	76
2688	2643	-0.92	0	-1	1	0	1	0	3	1	1	0	0	4	85
2747	2808	-8.27	0	-1	1	0	0	0	0	1	0	0	0	1	136
2610	2689	0.3	0	0	2	2	2	1	8	2	2	2	1	8	15
2696	2750	1.08	0	0	2	2	2	1	7	2	2	2	1	7	29
2668	2638	0.16	0	-1	2	2	2	1	7	2	2	2	1	8	6
2610	2694	-0.26	0	0	2	2	1	1	7	2	1	2	1	7	30
2653	2697	0.0	0	0	2	2	2	1	8	2	2	2	1	8	8
2616	2600	-6.86	0	-1	2	1	0	1	5	2	0	1	1	6	52
2720	2746	-4.3	0	0	1	0	2	0	5	1	1	1	0	5	93
2605	2685	0.25	0	0	2	2	2	1	8	2	2	2	1	8	8
2750	2637	-5.09	0	0	2	1	1	0	3	1	1	2	0	5	76
2611	2710	0.37	0	0	1	1	0	0	5	1	0	1	0	5	65
2744	2729	0.31	0	0	2	2	2	1	8	2	2	2	1	8	1
2607	2695	1.29	0	-4	2	1	1	1	7	2	2	2	1	5	33
2707	2742	-0.82	0	0	2	2	1	1	7	2	2	1	1	7	42
2611	2655	-0.51	0	0	2	2	1	1	6	2	1	2	1	6	30
2605	2783	-3.05	0	1	2	1	1	1	6	2	2	0	1	5	48
2710	2631	-0.37	0	-1	2	2	2	1	7	2	2	2	1	8	18
2674	2643	0.27	0	0	2	2	2	1	8	2	2	2	1	8	1
2630	2665	0.21	0	0	2	2	2	1	8	2	2	2	1	8	1
2652	2610	0.25	0	0	2	2	2	1	8	2	2	2	1	8	1
2624	2642	0.37	0	0	2	2	2	1	7	2	2	2	1	7	16
2762	2691	-0.59	0	0	2	2	1	1	7	2	2	1	1	7	18
2664	2740	0.45	0	0	2	2	2	1	7	2	2	2	1	7	17
2623	2689	-0.95	0	0	1	0	1	0	6	1	1	0	0	6	71
2605	2676	0.12	0	0	2	2	2	1	8	2	2	2	1	8	8
2606	2601	0.67	0	0	2	2	2	1	8	2	2	2	1	8	13
2732	2755	0.33	0	0	2	2	2	1	7	2	2	2	1	7	30
2605	2630	-1.21	0	-3	1	0	1	0	5	1	1	1	0	5	59
2790	2710	-5.2	0	0	2	1	0	0	3	1	0	2	0	5	67
2624	2754	-1.02	0	0	1	0	0	0	3	1	0	0	0	3	92
2738	2699	2.53	0	0	1	1	1	1	6	1	1	1	1	6	51
2676	2699	-2.54	0	0	1	1	2	0	7	1	2	1	0	7	41
2626	2640	-4.46	0	-2	1	0	0	1	4	1	0	1	1	3	85
2693	2714	-3.86	0	0	1	0	0	1	7	2	1	1	0	5	60
2738	2695	0.57	0	3	1	1	1	1	6	1	0	1	1	6	64
2603	2671	-0.12	0	0	2	2	2	1	7	2	2	2	1	7	20
2605	2600	-6.57	0	-2	0	1	1	1	4	1	0	1	1	4	77
2622	2602	-5.82	0	0	2	0	0	1	3	1	0	1	1	5	84
2679	2622	-1.11	0	1	2	1	2	1	7	2	1	2	1	6	48
2674	2641	0.0	0	0	2	1	1	1	6	2	1	1	1	6	28
2600	2690	-4.86	0	-1	0	1	1	0	3	1	0	0	0	5	64
2653	2718	0.24	0	0	2	2	2	1	8	2	2	2	1	8	4
2653	2634	-0.05	0	0	2	1	2	1	8	2	2	1	1	8	26
2624	2642	-0.78	0	0	1	0	2	1	7	1	2	0	1	7	47
2688	2755	0.65	0	0	2	1	2	1	7	2	2	1	1	7	24
2750	2739	0.71	0	0	2	2	2	1	7	2	2	2	1	7	23
2678	2661	-3.29	0	-2	1	1	2	1	4	1	1	2	1	6	51
2699	2719	-3.28	0	0	1	0	1	1	4	1	0	1	1	4	81
2693	2776	0.4	0	0	2	2	2	1	7	2	2	2	1	7	15
2672	2813	0.23	0	0	2	1	2	1	8	2	1	2	1	8	0
2679	2648	0.93	0	0	2	2	2	1	7	2	2	2	1	7	19
2635	2704	1.06	0	0	2	2	2	1	8	2	2	2	1	8	23
2618	2651	-2.16	0	0	1	1	2	1	5	1	2	1	1	5	66
2662	2685	0.16	0	0	2	2	2	1	7	2	2	2	1	7	22
2688	2604	0.51	0	0	2	1	2	1	7	2	1	2	1	7	12
2705	2759	0.31	0	0	2	2	2	1	6	2	2	2	1	6	35
2641	2732	0.26	0	0	2	2	2	1	8	2	2	2	1	8	3
2602	2624	1.39	0	1	2	2	2	1	7	2	2	2	1	6	31
2661	2665	-1.91	0	0	1	0	1	0	5	1	1	0	0	5	88
2633	2600	-2.96	0	0	1	1	0	1	6	1	0	1	1	6	44
2762	2801	0.28	0	0	2	2	2	1	8	2	2	2	1	8	5
2774	2837	-2.74	0	0	1	0	1	1	7	1	0	1	1	7	61
2640	2630	0.57	0	-1	2	2	2	1	7	2	2	2	1	8	15
2725	2748	-0.71	0	0	2	1	1	1	8	2	1	1	1	8	23
2684	2773	2.88	0	2	2	0	2	1	6	1	2	1	1	6	46
2607	2706	-0.34	0	-1	1	0	1	0	1	1	1	0	0	2	83
2680	2717	0.3	0	0	2	2	2	1	7	2	2	2	1	7	11
2639	2679	-0.02	0	0	2	2	2	1	8	2	2	2	1	8	23
2668	2719	-1.59	0	0	2	2	0	1	6	2	1	1	1	6	45
2612	2707	-1.75	0	-1	2	2	2	1	6	2	2	2	1	7	39
2600	2710	-2.62	0	0	1	0	2	1	6	1	2	1	1	3	66
2608	2608	-3.04	0	0	2	1	2	1	7	2	1	2	1	7	36
2737	2709	-8.42	0	-3	1	0	1	0	1	1	0	1	0	4	111
2620	2748	-0.39	0	5	2	0	1	0	4	1	0	1	0	4	78
2607	2681	-0.13	0	0	2	2	2	1	7	2	2	2	1	7	19
2616	2675	-1.5	0	0	2	1	1	1	6	2	1	1	1	6	49
2723	2710	-5.53	0	0	0	1	0	1	6	0	0	1	1	6	68
2691	2718	0.87	0	1	2	2	1	1	6	2	1	2	1	5	47
2641	2628	0.37	0	0	2	2	2	1	8	2	2	2	1	8	5
2660	2685	0.22	0	3	2	2	2	1	7	2	1	2	1	7	16
2695	2664	-4.62	0	-1	1	0	0	0	1	1	0	0	0	2	100
2637	2636	-3.48	0	-2	0	0	0	1	5	0	0	1	1	4	69
2661	2665	-3.44	0	0	1	0	1	0	5	1	1	0	0	5	71
2635	2669	-3.86	0	0	2	2	2	1	3	2	1	2	1	6	46
2725	2600	-2.48	0	-1	0	0	0	1	4	0	0	0	1	5	78
2615	2667	0.26	0	0	2	2	2	1	7	2	2	2	1	7	16
2684	2773	-3.03	0	2	1	0	0	0	5	0	0	1	0	5	85
2643	2678	0.46	0	0	2	2	2	1	7	2	2	2	1	7	13
2676	2695	0.16	0	0	2	2	2	1	6	2	2	2	1	6	29
2674	2641	0.01	0	0	2	1	1	1	6	2	1	1	1	6	48
2713	2815	-2.8	0	0	2	2	0	0	6	1	0	1	1	5	65
2675	2625	-4.62	0	-2	1	0	1	1	4	1	1	0	1	6	88
2665	2645	0.07	0	2	2	1	0	1	5	2	0	0	1	6	51
2659	2642	-7.29	0	-5	1	1	1	1	4	2	0	2	1	4	72
2684	2703	1.77	0	1	2	2	2	1	6	2	2	2	1	5	45
2751	2772	1.06	0	-3	2	1	2	1	5	2	2	2	1	5	65
2749	2711	-1.24	0	0	2	2	1	1	6	2	1	2	1	6	44
2731	2695	0.51	0	0	2	0	1	1	8	2	1	0	1	8	25
2667	2615	-1.11	0	0	2	1	0	1	6	2	0	1	1	6	46
2835	2769	-4.13	0	-1	1	0	1	1	4	1	1	0	1	5	71
2797	2688	0.25	0	0	2	2	2	1	8	2	2	2	1	8	6
2620	2654	-7.55	0	-5	1	0	1	1	4	2	0	1	1	4	81
2609	2654	-0.78	0	0	2	1	1	0	6	2	0	2	0	6	47
2615	2690	-2.35	0	-1	1	1	0	1	3	1	1	0	1	4	70
2601	2613	0.27	0	0	2	2	2	1	8	2	2	2	1	8	1
2607	2609	0.57	0	0	2	2	2	1	8	2	2	2	1	8	5
2689	2817	-3.86	0	0	2	2	1	0	3	2	0	2	0	6	66
2624	2754	0.09	0	3	2	1	2	1	7	2	1	1	1	7	30
2626	2724	-0.56	0	1	2	0	1	1	6	1	2	0	1	7	42
2709	2731	-0.78	0	-1	2	2	2	1	7	2	2	2	1	8	29
2720	2746	-0.79	0	0	2	1	2	1	7	2	1	2	1	7	27
2619	2660	-4.16	0	0	2	0	1	1	4	2	0	1	1	4	77
2672	2741	-0.59	0	-1	1	1	1	1	6	1	1	1	1	7	38
2693	2686	-1.75	0	-1	2	2	1	1	7	2	2	1	1	8	31
2616	2654	0.0	0	0	2	2	1	1	7	2	2	1	1	7	41
2613	2733	0.27	0	0	2	2	2	1	8	2	2	2	1	8	7
2680	2698	-2.98	0	0	2	1	0	1	5	1	1	1	1	7	54
2610	2605	0.21	0	0	2	2	2	1	7	2	2	2	1	7	13
2667	2664	0.09	0	0	2	1	1	1	7	2	1	1	1	7	33
2686	2653	-4.55	0	-2	1	0	1	1	7	2	0	0	1	7	69
2665	2644	-0.12	0	-1	0	0	1	0	2	0	0	1	0	3	126
2610	2665	-8.31	0	-4	1	0	1	0	2	1	1	0	0	6	98
2650	2670	0.18	0	1	2	1	1	1	7	2	1	1	1	6	44
2783	2756	-0.12	0	0	2	2	2	1	8	2	2	2	1	8	17
2608	2614	0.27	0	0	2	2	2	1	8	2	2	2	1	8	30
2652	2709	-1.51	0	-2	2	2	1	0	7	2	1	0	1	6	61
2665	2765	-6.86	0	-4	1	1	1	1	6	2	2	0	1	5	51
2691	2630	-2.11	0	0	2	0	0	0	2	1	0	2	0	1	82
2606	2667	0.46	0	0	2	2	2	1	7	2	2	2	1	7	21
2702	2646	3.48	0	-3	0	1	0	1	4	2	1	1	0	3	65
2673	2729	-3.34	0	4	2	2	0	1	4	1	2	0	1	5	74
2716	2753	-0.3	0	-1	0	1	1	0	1	0	1	1	0	2	84
2642	2703	-2.66	0	0	2	1	1	0	6	2	1	1	0	6	56
2625	2635	2.02	0	1	2	2	2	1	7	2	2	2	1	6	36
2682	2690	-1.94	0	0	2	1	1	0	6	2	1	1	0	6	75
2627	2644	-3.18	0	2	2	1	2	1	6	1	2	2	1	6	42
2733	2751	0.3	0	0	2	2	2	1	7	2	2	2	1	7	18
2654	2693	0.33	0	0	1	0	0	0	4	0	0	1	0	6	85
2677	2739	0.52	0	0	2	2	2	1	7	2	2	2	1	7	16
2630	2677	0.23	0	0	2	1	2	1	7	2	1	2	1	7	24
2651	2654	-4.67	0	-2	1	0	0	0	2	1	0	0	0	4	72
2610	2745	1.46	0	1	2	2	2	1	7	2	2	2	1	6	17
2690	2699	-5.69	0	-2	1	0	1	0	4	2	0	0	0	4	72
2686	2741	-8.52	0	-1	1	0	0	0	2	1	0	0	0	3	105
2658	2718	-0.25	0	0	2	1	1	0	7	2	1	1	0	7	34
2612	2695	0.52	0	0	2	1	2	1	7	2	1	2	1	7	18
2674	2663	-0.74	0	0	1	1	0	0	4	1	0	1	0	4	80
2620	2740	0.19	0	0	2	2	2	1	8	2	2	2	1	8	8
2723	2753	-2.55	0	-1	2	0	2	1	7	2	1	2	1	5	41
2700	2654	-9.27	0	-1	1	1	0	1	5	1	0	1	1	6	68
2704	2610	0.63	0	1	2	2	2	1	7	2	2	2	1	6	24
2783	2775	0.29	0	0	2	1	1	1	7	2	1	1	1	7	44
2660	2610	-0.18	0	0	2	2	2	1	7	2	2	2	1	7	19
2623	2785	-0.87	0	1	2	1	0	1	6	2	0	1	1	5	58
2750	2813	-5.05	0	2	1	2	2	1	4	1	2	1	1	5	46
2635	2620	-0.09	0	-1	2	0	2	1	3	2	1	1	1	4	55
2676	2732	-0.25	0	5	2	1	0	1	5	1	0	1	1	5	54
2605	2715	-0.24	0	-1	1	0	0	0	1	1	0	0	0	2	138
2695	2615	1.03	0	0	2	2	2	1	8	2	2	2	1	8	31
2677	2654	-7.77	0	-1	2	1	1	1	5	2	1	1	1	6	50
2667	2607	0.72	0	1	2	0	0	0	6	2	0	0	0	5	90
2734	2723	0.0	0	2	2	1	1	1	3	2	0	1	1	4	72
2683	2706	0.23	0	0	2	2	2	1	7	2	2	2	1	7	16
2688	2648	-8.23	0	-1	0	0	0	1	4	0	0	0	1	5	112
2745	2717	-0.4	0	0	2	2	2	1	7	2	2	2	1	7	21
2659	2632	-1.53	0	-1	2	2	2	1	6	2	2	2	1	7	32
2689	2606	-0.25	0	-1	2	1	2	1	7	2	2	1	1	8	25
2659	2720	2.48	0	-2	2	1	1	0	4	2	1	1	0	6	49
2719	2748	0.24	0	-1	2	2	1	1	6	2	2	1	1	7	33
2679	2679	0.64	0	5	2	2	2	1	6	1	2	2	1	6	32
2700	2684	0.45	0	0	2	2	2	1	8	2	2	2	1	8	0
2668	2669	-2.84	0	4	1	1	1	1	5	0	2	0	1	6	70
2613	2661	-6.09	0	-2	0	1	1	1	4	1	0	1	1	4	82
2639	2610	-5.86	0	-2	1	0	0	0	2	1	0	0	0	4	103
2621	2612	2.4	0	5	1	0	0	1	6	0	0	0	1	6	0
2615	2805	0.3	0	0	2	2	2	1	7	2	2	2	1	7	19
2777	2773	0.26	0	0	2	2	2	1	8	2	2	2	1	8	2
2703	2670	-7.44	0	-1	0	1	0	1	2	0	1	0	1	3	86
2750	2785	-1.43	0	0	1	1	1	1	3	1	1	1	1	3	80
2625	2744	0.0	0	0	2	2	1	0	7	2	1	2	0	7	48
2710	2605	0.23	0	0	2	2	2	1	7	2	2	2	1	7	15
2615	2635	0.75	0	0	2	2	2	1	8	2	2	2	1	8	10
2704	2725	0.18	0	0	2	2	2	1	8	2	2	2	1	8	6
2645	2606	-1.53	0	0	0	0	2	0	4	0	0	2	0	4	75
2659	2640	-0.16	0	9	2	1	2	1	6	2	2	1	0	6	42
2620	2722	-1.07	0	1	1	1	1	1	5	1	1	1	1	4	58
2721	2653	-2.54	0	0	2	0	2	0	6	2	1	1	0	6	59
2604	2614	0.32	0	0	2	2	2	1	8	2	2	2	1	8	9
2651	2618	-2.14	0	-1	1	1	0	0	4	1	1	0	0	5	88
2811	2772	0.36	0	0	2	2	2	1	8	2	2	2	1	8	6
2707	2628	0.52	0	0	2	2	2	1	7	2	2	2	1	7	12
2628	2673	-4.47	0	-1	1	0	0	0	1	1	0	0	0	2	132
2750	2630	-1.72	0	1	2	1	1	0	7	1	0	0	1	8	39
2609	2631	-4.98	0	-1	1	0	1	1	6	1	0	1	1	7	69
2619	2719	0.52	0	0	2	2	2	1	8	2	2	2	1	8	12
2658	2713	-0.42	0	1	2	0	1	1	6	2	0	1	1	5	52
2615	2605	-0.9	0	8	2	0	0	1	6	2	0	1	0	4	50
2740	2639	-2.28	0	-1	2	2	0	1	5	2	0	2	1	6	38
2606	2604	0.0	0	-3	1	0	0	0	0	1	0	1	0	0	176
2610	2716	1.07	0	0	2	2	2	1	7	2	2	2	1	7	18
2612	2661	-1.28	0	0	1	1	0	1	4	1	1	0	1	4	77
2631	2606	-7.76	0	-1	0	1	0	1	4	0	0	1	1	5	74
2634	2637	-8.84	0	-2	0	0	0	1	3	0	0	1	1	2	129
2625	2707	0.69	0	0	2	0	2	1	7	2	2	0	1	7	33
2761	2758	0.4	0	-1	2	2	2	1	7	2	2	2	1	8	16
2625	2615	-5.97	0	-4	1	0	0	0	2	1	1	0	0	3	102
2704	2654	0.0	0	0	2	1	2	1	7	2	1	2	1	7	21
2620	2645	-0.28	0	-1	2	1	1	0	3	2	1	1	0	4	63
2713	2609	-6.13	0	-1	1	2	0	0	4	1	1	1	0	5	78
2662	2663	-0.72	0	-1	2	2	2	1	6	2	2	2	1	7	39
2628	2654	0.39	0	-1	2	0	2	1	5	2	1	1	1	6	43
2751	2676	-6.01	0	-1	1	0	1	0	3	1	0	1	0	4	79
2620	2600	-0.16	0	0	2	0	1	1	7	2	0	1	1	7	34
2631	2664	-1.9	0	-5	1	2	0	1	6	2	1	1	1	6	49
2735	2631	0.36	0	0	2	1	2	1	6	2	1	2	1	6	21
2646	2710	0.23	0	0	1	1	0	0	6	1	0	1	0	6	65
2637	2689	0.29	0	0	1	1	1	0	6	1	2	0	0	6	0
2626	2667	0.17	0	0	2	2	2	1	8	2	2	2	1	8	14
2657	2668	-0.49	0	0	2	1	1	1	7	2	0	2	1	7	28
2634	2737	-1.15	0	-1	0	1	1	0	4	0	0	2	0	5	143
2715	2685	-5.54	0	-2	1	0	2	1	5	2	0	1	1	5	48
2756	2633	-0.35	0	0	2	1	2	1	8	2	1	2	1	8	27
2619	2655	0.11	0	0	2	2	2	1	8	2	2	2	1	8	2
2731	2675	-6.17	0	5	0	0	1	1	4	0	0	2	0	5	66
2686	2757	-0.55	0	0	2	1	1	0	6	2	1	1	0	6	43
2627	2644	-2.12	0	-1	1	1	2	1	5	1	1	2	1	6	47
2602	2685	0.56	0	0	2	2	1	1	7	2	1	2	1	7	35
2707	2600	0.93	0	0	2	2	2	1	7	2	2	2	1	7	19
2636	2658	0.55	0	-3	0	0	2	1	3	0	2	1	1	3	0
2629	2606	-1.69	0	-1	1	1	1	0	4	2	0	0	0	6	74
2640	2635	-8.05	0	-1	2	1	1	1	3	2	0	2	1	4	47
2607	2651	0.47	0	0	2	2	2	1	7	2	2	2	1	7	13
2725	2736	0.0	0	-3	1	0	0	0	4	1	1	0	0	4	67
2713	2664	0.46	0	-1	2	2	2	1	7	2	2	2	1	8	8
2651	2664	-0.85	0	0	2	2	1	0	5	2	1	2	0	5	55
2643	2695	0.05	0	0	2	2	2	1	8	2	2	2	1	8	6
2633	2756	-0.55	0	0	0	0	1	0	3	0	0	1	0	3	99
2625	2665	-5.02	0	-2	0	1	0	0	4	0	0	1	0	6	61
2606	2612	-0.21	0	-1	1	0	1	0	3	1	1	0	0	4	113
2610	2700	0.08	0	0	2	1	2	1	7	2	1	2	1	7	19
2700	2627	2.82	0	0	2	1	2	1	7	2	1	2	1	7	43
2707	2710	-4.44	0	-4	1	1	0	1	4	1	1	1	1	5	63
2660	2605	0.38	0	0	2	2	1	1	8	2	1	2	1	8	18
2715	2683	0.57	0	0	2	2	2	1	7	2	2	2	1	7	9
2693	2650	-10.94	0	0	2	0	1	1	5	1	1	2	1	4	75
2680	2623	-6.36	0	-1	1	1	0	1	6	2	0	0	1	5	60
2638	2690	0.22	0	0	2	2	2	1	8	2	2	2	1	8	7
2610	2623	-6.22	0	0	1	0	0	0	2	1	0	0	0	2	97
2654	2629	-0.74	0	0	1	1	0	0	3	1	1	0	0	3	96
2734	2803	-1.14	0	2	2	2	1	0	6	2	1	2	0	4	41
2616	2690	-3.1	0	-1	1	1	0	0	4	1	1	0	0	5	106
2722	2738	0.33	0	0	2	2	1	1	7	2	1	2	1	7	19
2650	2659	0.29	0	0	2	2	2	1	8	2	2	2	1	8	7
2638	2775	-0.19	0	0	2	2	2	1	8	2	2	2	1	8	23
2692	2606	-0.29	0	0	2	2	0	0	7	2	1	1	0	7	42
2660	2638	1.03	0	0	2	1	2	1	7	2	1	2	1	7	30
2649	2664	-4.66	0	-1	0	1	0	0	4	0	0	1	0	5	81
2605	2610	-4.88	0	0	1	0	0	0	4	1	0	0	0	4	93
2665	2681	-7.36	0	-2	1	0	2	0	3	1	1	1	0	5	113
2734	2827	0.37	0	0	2	1	2	1	7	2	2	1	1	7	20
2629	2718	-2.71	0	0	1	1	0	0	5	1	0	1	0	5	88
2690	2605	0.48	0	0	2	2	2	1	8	2	2	2	1	8	18
2640	2623	0.07	0	0	2	2	2	1	8	2	2	2	1	8	6
2731	2709	-5.17	0	-2	1	1	0	1	5	1	1	0	1	7	94
2652	2786	-5.87	0	0	0	1	0	0	5	0	1	0	0	5	81
2647	2699	-2.41	0	-1	2	1	1	1	6	2	1	1	1	7	48
2685	2620	0.73	0	0	1	1	1	0	4	1	1	1	0	4	82
2647	2650	-4.13	0	0	1	1	0	1	4	1	1	0	1	4	85
2621	2614	-1.86	0	-1	1	1	0	0	3	1	0	1	0	4	112
2646	2708	-0.1	0	-1	2	1	2	1	6	2	2	1	1	7	21
2606	2670	-0.93	0	-3	1	1	2	1	4	2	1	1	1	5	55
2626	2644	-6.37	0	2	1	1	1	1	4	1	0	1	1	5	71
2611	2729	0.64	0	0	2	2	2	1	8	2	2	2	1	8	3
2632	2678	-6.07	0	1	2	0	1	1	6	2	0	1	1	5	65
2733	2693	-0.96	0	0	2	0	2	1	6	2	2	0	1	6	41
2699	2743	-0.31	0	-1	2	1	1	1	6	2	1	1	1	7	33
2624	2642	0.5	0	0	2	2	2	1	8	2	2	2	1	8	12
2606	2675	-3.33	0	-1	1	0	1	0	6	2	0	0	0	5	53
2679	2706	0.0	0	0	2	1	2	1	6	2	2	1	1	6	41
2638	2781	-12.08	0	4	1	0	0	1	2	0	0	0	1	3	78
2630	2625	0.95	0	-2	2	1	2	1	7	2	2	2	1	6	25
2600	2662	-13.46	0	-4	0	1	0	0	3	1	0	0	0	5	87
2657	2659	0.21	0	0	2	2	2	1	8	2	2	2	1	8	2
2615	2673	-0.74	0	0	2	2	1	1	8	2	1	2	1	8	34
2644	2669	-6.04	0	-1	1	0	0	0	2	1	0	0	0	3	125
2655	2605	0.27	0	0	1	2	0	0	6	1	1	1	0	6	79
2645	2678	-4.25	0	0	2	1	0	1	6	2	1	0	1	6	62
2694	2679	-8.78	0	0	0	1	1	0	3	1	0	0	0	4	96
2627	2604	0.12	0	0	2	2	2	1	8	2	2	2	1	8	5
2640	2615	0.31	0	0	2	2	2	1	8	2	2	2	1	8	1
2628	2612	0.2	0	0	2	2	2	1	8	2	2	2	1	8	10
2677	2723	-5.9	0	-5	1	1	2	0	4	2	2	0	0	7	59
2662	2814	0.18	0	2	2	2	2	1	7	2	1	2	1	8	12
2644	2618	0.0	0	0	0	0	0	1	6	0	0	1	1	3	75
2722	2777	0.55	0	0	2	0	1	1	7	2	0	1	1	7	43
2673	2729	0.0	0	0	2	2	2	1	8	2	2	2	1	8	19
2707	2721	-1.16	0	-1	1	0	1	0	3	1	0	1	0	4	93
2673	2634	-1.59	0	0	0	0	1	1	4	0	2	0	1	1	105
2734	2753	0.16	0	0	2	2	2	1	8	2	2	2	1	8	4
2739	2761	0.55	0	0	2	2	2	1	8	2	2	2	1	8	9
2670	2656	0.62	0	0	2	2	2	1	8	2	2	2	1	8	11
2679	2648	2.29	0	-1	2	2	2	0	6	2	2	2	0	7	33
2675	2695	-3.48	0	-1	1	0	2	0	6	2	0	1	0	5	58
2722	2712	0.8	0	0	2	1	2	1	6	2	2	1	1	6	38
2742	2739	0.0	0	-1	1	1	2	1	6	1	1	2	1	7	46
2613	2781	0.12	0	0	2	2	2	1	8	2	2	2	1	8	7
2659	2621	-5.12	0	-1	1	1	1	0	3	1	1	1	0	4	77
2727	2741	-0.47	0	0	2	1	2	1	7	2	1	2	1	7	36
2673	2603	-0.7	0	0	2	1	2	0	5	2	2	1	0	5	36
2740	2639	-2.55	0	0	1	2	0	0	2	1	0	2	0	2	100
2736	2736	-12.96	0	-2	1	0	0	0	0	1	0	0	0	2	123
2655	2830	-2.95	0	0	1	0	1	0	6	1	1	0	0	6	52
2740	2731	-2.72	0	-1	2	1	1	0	5	2	1	1	0	6	63
2635	2675	0.27	0	0	2	2	2	1	8	2	2	2	1	8	9
2692	2704	-9.59	0	-4	1	0	0	0	0	1	0	1	0	1	166
2819	2770	-3.26	0	0	1	0	0	0	5	1	0	1	0	2	86
2677	2678	0.15	0	0	2	2	2	1	8	2	2	2	1	8	19
2605	2650	-7.82	0	1	1	0	0	1	4	0	0	1	1	5	75
2664	2790	0.32	0	0	2	2	1	0	6	2	2	1	0	6	47
2683	2706	0.0	0	-1	2	1	2	1	4	2	2	1	1	5	43
2684	2692	-1.83	0	0	2	2	1	1	4	2	1	2	1	4	50
2757	2776	-1.01	0	0	2	1	2	1	6	2	2	1	1	6	24
2669	2607	-1.22	0	1	2	1	2	1	7	2	1	2	1	6	40
2738	2727	-1.37	0	-2	2	1	2	1	6	2	2	2	1	5	38
2656	2722	-1.23	0	0	2	2	1	0	7	2	1	2	0	7	43
2618	2663	-0.79	0	0	2	0	1	1	3	2	0	1	1	3	64
2735	2788	-6.63	0	-1	2	1	0	0	5	2	1	0	0	6	76
2671	2620	1.76	0	1	1	0	1	0	4	1	1	0	0	3	91
2672	2724	-1.45	0	0	2	1	1	1	6	2	1	1	1	6	29
2654	2629	0.37	0	3	2	2	1	1	6	2	1	1	1	6	30
2792	2721	0.0	0	3	2	1	2	0	7	2	1	1	0	7	62
2670	2602	0.44	0	0	2	2	2	1	8	2	2	2	1	8	17
2614	2688	-9.25	0	-2	2	0	1	0	2	2	0	1	0	4	96
2646	2710	-6.39	0	-1	0	1	0	0	1	0	0	1	0	2	128
2670	2683	0.15	0	0	2	2	2	1	8	2	2	2	1	8	4
2616	2617	-0.18	0	0	2	2	2	1	7	2	2	2	1	7	20
2661	2705	-1.5	0	-1	1	1	2	1	6	1	2	1	1	7	33
2625	2615	-0.25	0	0	2	1	1	1	7	2	0	2	1	7	52
2603	2652	-0.23	0	2	2	1	1	1	3	2	0	1	1	4	71
2739	2779	0.0	0	-3	2	1	1	1	6	2	1	2	1	6	31
2625	2720	0.38	0	0	2	2	2	1	8	2	2	2	1	8	5
2603	2652	-11.67	0	-1	0	0	0	0	3	0	1	0	0	1	145
2601	2618	2.32	0	-1	2	1	1	1	6	2	2	1	1	4	48
2691	2768	-1.08	0	0	1	0	1	1	7	1	0	1	1	7	50
2700	2747	0.24	0	0	2	0	1	1	7	2	0	1	1	7	30
2601	2670	0.34	0	1	2	1	1	1	6	2	0	2	1	5	35
2606	2612	-4.55	0	-4	2	0	2	0	5	2	0	0	1	6	57
2630	2613	-0.07	0	-1	2	0	1	0	4	2	1	0	0	5	57
2685	2692	-2.08	0	0	2	1	1	0	6	2	2	0	0	6	52
2611	2601	0.03	0	0	2	1	1	1	8	2	1	1	1	8	43
2719	2720	0.0	0	0	2	2	1	0	7	2	1	2	0	7	24
2736	2725	-0.41	0	-1	0	1	0	0	3	0	1	0	0	4	109
2632	2736	-3.53	0	-1	0	0	2	1	1	0	0	2	1	2	107
2680	2720	-7.85	0	1	2	1	0	0	5	1	2	0	0	6	68
2780	2749	0.45	0	0	2	2	1	1	7	2	2	1	1	7	19
2666	2611	-0.19	0	0	2	1	2	1	7	2	1	2	1	7	58
2660	2680	-5.53	0	-1	0	0	1	0	3	0	0	1	0	4	85
2613	2679	-4.74	0	-1	1	0	1	0	4	2	0	0	0	3	85
2706	2764	-1.23	0	3	2	2	1	1	7	2	1	1	1	7	34
2641	2663	2.66	0	1	0	1	0	1	7	0	1	0	1	6	110
2653	2637	0.78	0	-1	2	2	2	1	6	2	2	2	1	7	21
2648	2648	-1.0	0	0	2	0	1	0	5	2	1	0	0	5	78
2642	2732	0.78	0	0	2	2	1	1	7	2	2	1	1	7	31
2658	2606	-0.74	0	0	2	2	0	1	6	2	0	2	1	6	45
2652	2767	0.84	0	0	2	1	2	1	8	2	1	2	1	8	29
2602	2710	0.56	0	0	2	2	2	1	7	2	2	2	1	7	17
2650	2644	-2.59	0	0	2	1	1	0	4	2	2	0	0	4	74
2604	2705	-1.94	0	-1	0	0	1	1	3	0	0	1	1	4	113
2619	2632	0.0	0	1	2	2	2	1	8	2	2	2	1	7	8
2758	2771	-1.49	0	0	1	1	1	0	4	1	1	1	0	4	75
2699	2688	0.5	0	0	2	2	1	1	6	2	2	1	1	6	0
2649	2671	0.25	0	0	2	2	2	1	7	2	2	2	1	7	18
2652	2663	-2.06	0	0	2	2	1	1	7	2	2	1	1	7	56
2632	2667	-4.71	0	2	1	1	1	0	4	0	1	2	0	4	88
2615	2608	0.18	0	0	2	2	2	1	8	2	2	2	1	8	9
2720	2745	-5.17	0	2	1	0	2	1	6	1	0	2	1	4	58
2634	2604	-4.84	0	0	0	0	0	1	4	0	0	0	1	4	94
2670	2708	2.94	0	2	1	1	1	1	6	1	1	1	1	4	75
2760	2698	-5.01	0	-3	2	0	1	0	3	2	0	1	0	6	70
2636	2698	-0.36	0	0	2	0	1	0	5	2	0	1	0	5	58
2630	2679	-0.8	0	-1	2	2	2	1	7	2	2	2	1	8	16
2603	2665	0.89	0	-1	2	1	1	1	6	2	1	1	1	7	25
2678	2661	-2.43	0	1	1	1	1	0	3	1	0	1	0	5	78
2717	2752	0.0	0	2	1	1	1	0	5	1	1	0	0	6	48
2679	2715	-0.45	0	-3	2	1	0	1	8	2	1	1	1	8	39
2645	2679	0.39	0	-6	2	2	2	0	7	2	2	1	1	7	15
2660	2637	0.0	0	0	1	1	0	0	4	1	1	0	0	4	90
2683	2664	0.07	0	-1	2	2	2	1	7	2	2	2	1	8	16
2634	2737	-4.47	0	0	1	1	0	1	5	1	0	1	1	5	63
2604	2645	-2.05	0	0	2	1	2	0	7	2	1	2	0	7	36
2763	2650	0.31	0	-3	2	2	1	1	6	2	2	2	1	6	33
2666	2775	0.0	0	-1	2	0	0	0	1	2	0	0	0	2	95
2634	2702	1.05	0	0	1	1	0	0	6	1	1	0	0	6	0
2684	2754	0.32	0	0	2	2	2	1	8	2	2	2	1	8	13
2601	2708	-4.12	0	1	1	1	1	0	5	1	0	2	0	4	66
2648	2710	0.08	0	0	2	2	2	1	7	2	2	2	1	7	23
2679	2679	0.09	0	0	1	0	1	0	4	1	1	0	0	4	62
2660	2658	0.34	0	1	2	1	1	1	7	2	1	1	1	6	28
2660	2695	-0.47	0	0	1	1	2	1	5	1	1	2	1	5	61
2660	2805	0.29	0	0	2	2	2	1	8	2	2	2	1	8	2
2650	2740	-0.29	0	3	2	1	2	1	6	2	1	1	1	6	28
2656	2736	-0.27	0	0	2	1	1	1	7	2	0	2	1	7	19
2629	2758	2.23	0	0	2	1	1	1	6	2	1	1	1	6	44
2630	2630	-2.42	0	0	2	0	1	0	4	1	0	2	0	6	44
2640	2731	0.15	0	0	2	2	2	1	8	2	2	2	1	8	9
2628	2621	-4.9	0	0	1	1	1	0	2	1	0	1	0	5	72
2624	2621	0.42	0	0	2	2	2	1	8	2	2	2	1	8	8
2640	2646	0.0	0	-1	2	2	2	1	7	2	2	2	1	8	19
2602	2646	0.33	0	0	2	2	2	1	7	2	2	2	1	7	12
2700	2627	-0.43	0	0	1	0	1	0	3	1	1	0	0	3	96
2625	2636	-8.8	0	-2	1	1	0	0	0	1	0	1	0	2	124
2640	2725	0.64	0	0	2	1	2	1	8	2	2	1	1	8	38
2615	2605	-2.37	0	1	2	1	2	1	6	2	1	2	1	5	58
2638	2666	-1.65	0	1	2	2	2	1	7	2	2	2	1	6	30
2645	2700	-0.18	0	0	2	2	2	1	8	2	2	2	1	8	13
2615	2645	0.18	0	0	2	2	2	1	7	2	2	2	1	7	27
2649	2730	-5.34	0	-1	1	0	0	0	4	1	0	0	0	5	79
2634	2664	-4.01	0	-1	0	1	1	0	1	1	0	0	0	3	71
2674	2726	-5.5	0	-4	2	0	1	0	4	1	1	0	1	4	95
2689	2685	-1.3	0	-1	2	0	1	1	4	2	1	0	1	5	58
2663	2696	-4.45	0	-2	2	1	1	1	4	2	1	1	1	6	64
2645	2679	-0.94	0	0	2	1	1	0	7	2	1	1	0	7	48
2685	2685	-4.35	0	0	0	0	0	1	6	0	1	0	1	3	72
2635	2610	0.24	0	0	2	2	2	1	8	2	2	2	1	8	15
2724	2755	-5.5	0	-3	1	0	0	0	2	1	0	1	0	2	85
2739	2788	0.36	0	0	2	2	2	1	8	2	2	2	1	8	9
2741	2804	1.03	0	0	2	2	2	1	6	2	2	2	1	6	26
2616	2716	-0.6	0	-1	0	1	0	0	1	0	0	1	0	2	101
2630	2686	-3.26	0	-1	1	0	1	0	3	1	0	1	0	4	120
2615	2645	0.0	0	0	2	2	2	1	7	2	2	2	1	7	25
2647	2650	-0.09	0	-1	1	0	0	0	1	1	0	0	0	2	120
2604	2705	0.15	0	1	2	2	2	1	8	2	2	2	1	7	10
2771	2717	-1.44	0	0	1	0	0	1	5	1	0	0	1	5	84
2608	2684	0.0	0	0	1	1	1	0	6	1	1	1	0	6	31
2600	2646	-7.97	0	-1	1	0	0	0	0	0	0	1	0	3	126
2706	2791	-1.84	0	0	2	1	1	1	6	2	1	1	1	6	51
2694	2703	-0.2	0	-1	1	0	1	0	0	1	1	0	0	1	157
2615	2625	-5.72	0	-1	0	0	1	0	3	0	0	1	0	4	111
2652	2610	-4.94	0	-3	1	1	0	0	0	0	0	0	1	2	157
2729	2668	0.55	0	0	2	2	2	1	8	2	2	2	1	8	5
2715	2705	0.18	0	0	2	2	2	1	8	2	2	2	1	8	5
2737	2709	-0.2	0	-1	1	1	2	1	3	1	2	1	1	4	63
2613	2619	1.09	0	0	2	2	2	1	7	2	2	2	1	7	21
2729	2792	1.07	0	3	2	2	2	1	5	2	1	2	1	5	26
2600	2735	0.04	0	1	2	2	1	1	7	2	1	2	1	6	20
2670	2769	-0.91	0	0	2	0	1	1	6	2	1	0	1	6	71
2636	2738	-6.25	0	2	2	0	1	1	7	2	0	1	1	5	40
2617	2663	-4.4	0	-1	2	0	2	0	5	2	1	1	0	6	77
2737	2666	-3.88	0	-1	2	1	2	0	6	2	1	2	0	7	36
2710	2705	1.5	0	1	2	0	1	1	3	2	0	0	1	5	77
2645	2660	0.3	0	0	2	2	2	1	8	2	2	2	1	8	1
2632	2769	-0.31	0	0	0	0	0	1	5	0	0	0	1	5	88
2661	2664	1.41	0	-3	2	2	0	1	6	2	1	2	1	6	33
2646	2633	-8.78	0	-2	0	0	1	0	1	0	0	1	0	3	84
2677	2645	-0.75	0	0	2	0	1	0	4	1	2	0	0	6	66
2763	2788	-4.73	0	0	1	2	0	0	5	1	0	2	0	5	60
2743	2668	1.87	0	3	2	1	1	1	7	2	1	0	1	7	58
2682	2724	-7.63	0	-1	1	1	0	0	5	1	0	1	0	6	110
2618	2716	1.32	0	0	2	2	2	1	7	2	2	2	1	7	21
2614	2742	-0.01	0	0	2	1	2	1	8	2	2	1	1	8	26
2676	2663	0.0	0	0	2	0	1	1	4	1	1	1	1	6	35
2668	2608	-1.95	0	-1	1	2	2	1	5	1	2	2	1	6	44
2635	2655	-0.22	0	0	1	0	0	0	3	1	0	0	0	3	76
2683	2646	-3.85	0	0	2	1	0	1	5	2	0	1	1	5	57
2672	2785	0.5	0	0	2	2	2	1	7	2	2	2	1	7	14
2715	2763	-6.09	0	-1	1	0	1	1	4	2	0	0	1	3	66
2669	2689	-6.4	0	3	2	0	1	1	3	1	1	0	1	5	60
2635	2695	-0.01	0	0	2	2	2	1	8	2	2	2	1	8	6
2722	2765	0.0	0	0	2	2	0	1	6	2	1	1	1	6	55
2738	2699	0.0	0	-1	0	1	0	1	4	1	0	0	1	3	86
2670	2670	-0.17	0	-1	1	0	2	0	2	1	1	1	0	3	70
2792	2809	0.27	0	0	2	1	2	1	7	2	2	1	1	7	32
2626	2634	-8.13	0	-3	2	0	0	0	2	2	0	0	0	5	72
2614	2792	-0.42	0	0	2	1	2	1	6	2	1	2	1	6	31
2603	2646	-0.23	0	0	2	2	2	1	6	2	2	2	1	6	24
2762	2732	-1.54	0	0	2	1	1	1	6	2	2	0	1	6	40
2803	2671	-0.02	0	0	2	2	2	1	8	2	2	2	1	8	32
2723	2753	-5.59	0	0	2	0	1	0	4	1	1	2	0	3	66
2659	2621	-2.61	0	-2	1	2	1	1	4	1	1	2	1	6	51
2714	2748	0.72	0	0	2	1	0	1	7	2	0	1	1	7	36
2780	2790	-0.54	0	0	2	1	1	0	5	2	1	1	0	5	44
2608	2688	-4.53	0	-1	1	1	0	0	4	1	1	0	0	5	106
2609	2779	-4.04	0	0	2	1	1	1	5	2	0	2	1	5	39
2615	2635	0.28	0	0	2	2	2	1	8	2	2	2	1	8	2
2676	2600	-3.55	0	0	2	0	1	1	5	2	0	1	1	5	87
2705	2760	-4.47	0	0	2	2	2	1	6	2	2	2	1	6	54
2626	2694	0.5	0	-1	2	2	2	1	7	2	2	2	1	8	12
2655	2609	0.26	0	0	2	2	2	1	8	2	2	2	1	8	5
2600	2665	-1.24	0	0	2	1	2	0	5	2	1	2	0	5	40
2793	2725	-2.62	0	-2	1	1	0	1	6	2	0	0	1	6	45
2615	2625	-3.12	0	-1	2	1	1	1	4	2	1	1	1	5	61
2605	2610	0.12	0	0	2	2	2	1	7	2	2	2	1	7	17
2760	2702	0.43	0	0	2	2	2	1	8	2	2	2	1	8	10
2740	2731	0.35	0	0	2	2	2	1	8	2	2	2	1	8	13
2706	2741	0.24	0	0	2	2	2	1	7	2	2	2	1	7	15
2645	2615	-4.9	0	-6	2	0	1	1	4	2	1	1	1	7	49
2605	2622	-1.47	0	-1	1	1	0	1	3	1	1	0	1	4	89
2632	2700	0.08	0	0	1	1	2	0	5	1	1	2	0	5	51
2620	2625	0.46	0	0	2	1	2	1	7	2	1	2	1	7	20
2647	2650	-0.22	0	-1	1	0	0	0	1	1	0	0	0	2	132
2630	2649	0.71	0	1	2	1	1	1	7	2	0	2	1	6	41
2604	2747	-1.08	0	0	2	0	1	1	5	2	1	0	1	5	54
2607	2662	-5.58	0	-2	0	1	0	0	5	1	0	0	0	5	81
2803	2826	-0.69	0	0	2	2	0	0	5	2	2	0	0	5	51
2702	2660	0.12	0	2	2	0	0	1	3	1	0	1	1	3	110
2720	2655	-0.16	0	0	0	0	0	1	5	0	0	1	1	2	70
2632	2751	1.49	0	0	2	2	2	1	7	2	2	2	1	7	20
2735	2783	-2.67	0	0	2	1	1	1	7	2	1	1	1	7	40
2677	2772	-10.4	0	-2	2	1	0	1	2	1	2	1	1	3	116
2738	2727	-2.91	0	-2	1	0	2	0	5	1	1	2	0	4	71
2715	2701	-3.67	0	0	1	0	0	0	4	1	0	0	0	4	114
2705	2729	0.41	0	0	2	2	2	1	7	2	2	2	1	7	83
2601	2721	-1.87	0	-1	0	0	1	0	3	0	1	0	0	4	88
2616	2674	1.44	0	0	2	2	2	1	7	2	2	2	1	7	53
2624	2732	-0.96	0	-2	0	0	1	0	1	1	0	0	0	1	138
2744	2622	1.56	0	0	1	1	1	1	4	1	1	1	1	4	57
2606	2646	-7.14	0	-2	1	0	1	1	3	1	0	1	1	5	86
2803	2784	0.0	0	0	2	1	2	1	6	2	2	1	1	6	40
2709	2777	-2.94	0	-1	2	1	1	0	4	2	1	1	0	5	52
2654	2759	-0.12	0	0	2	0	0	1	3	2	0	0	1	3	93
2636	2605	4.39	0	1	2	1	1	1	5	1	2	1	1	6	54
2622	2678	0.37	0	0	2	2	2	1	8	2	2	2	1	8	13
2751	2769	-0.91	0	0	2	0	2	1	7	2	1	1	1	7	54
2615	2652	0.0	0	0	2	2	1	1	7	2	1	2	1	7	27
2651	2630	0.66	0	0	2	2	2	1	8	2	2	2	1	8	5
2643	2649	-1.37	0	-1	0	1	1	0	4	0	1	1	0	5	93
2655	2641	2.44	0	-3	2	1	1	1	5	2	1	2	1	5	49
2616	2618	0.08	0	0	2	2	2	1	8	2	2	2	1	8	8
2681	2760	0.38	0	-1	2	2	2	1	7	2	2	2	1	8	25
2610	2630	1.52	0	0	1	1	2	1	5	1	1	2	1	5	45
2683	2706	-1.86	0	-3	1	1	2	1	4	2	1	1	1	5	48
2756	2804	-1.65	0	0	2	1	1	0	5	2	1	1	0	5	55
2654	2713	0.41	0	0	2	2	2	1	8	2	2	2	1	8	5
2742	2813	0.0	0	0	2	2	2	1	7	2	2	2	1	7	17
2621	2724	-3.3	0	-1	2	2	1	0	4	2	1	2	0	5	36
2731	2652	1.05	0	3	2	0	2	1	6	1	2	1	1	5	54
2617	2697	-4.67	0	-3	1	1	2	1	4	2	1	1	1	5	43
2669	2711	-3.51	0	-4	2	1	2	1	5	2	2	2	1	6	37
2631	2601	1.0	0	0	2	2	2	1	7	2	2	2	1	7	33
2614	2664	0.24	0	0	2	2	2	1	8	2	2	2	1	8	16
2622	2645	-0.62	0	0	2	2	2	1	6	2	2	2	1	6	34
2671	2711	-2.9	0	0	2	1	1	0	5	0	2	0	1	6	45
2655	2665	-0.05	0	0	2	2	2	1	7	2	2	2	1	7	16
2642	2651	-5.73	0	-4	0	0	0	1	1	2	1	0	0	1	111
2607	2676	-9.94	0	-1	1	0	0	0	2	0	1	1	0	2	105
2710	2810	-0.05	0	0	2	2	1	1	7	2	1	2	1	7	26
2653	2618	0.24	0	0	2	2	2	1	8	2	2	2	1	8	1
2775	2702	0.25	0	0	2	2	2	1	8	2	2	2	1	8	7
2640	2650	-4.76	0	-2	1	1	1	1	5	2	0	1	1	5	53
2653	2618	0.2	0	0	2	2	2	1	8	2	2	2	1	8	12
2644	2663	-8.09	0	-1	1	0	0	0	2	1	0	0	0	3	114
2714	2812	-4.5	0	2	2	1	1	1	5	1	1	2	1	5	53
2687	2691	-1.24	0	0	2	2	2	1	7	2	2	2	1	7	20
2689	2774	2.72	0	0	2	0	2	1	6	2	1	1	1	6	33
2600	2610	-5.91	0	2	2	0	2	1	5	2	0	1	1	6	38
2664	2673	-2.51	0	0	2	1	2	1	5	2	2	1	1	5	50
2660	2630	-0.38	0	0	2	2	1	1	7	2	1	2	1	7	47
2610	2645	-6.21	0	-2	1	1	0	0	2	1	0	1	0	4	87
2705	2690	-2.72	0	0	2	1	2	1	7	2	1	2	1	7	38
2633	2646	-2.6	0	-2	2	0	2	1	5	2	1	1	1	7	45
2630	2643	-0.7	0	0	2	2	2	0	6	2	2	2	0	6	37
2676	2654	-1.17	0	0	2	2	2	0	6	2	2	2	0	6	30
2607	2665	-1.21	0	0	2	1	2	1	6	2	1	2	1	6	46
2690	2676	-0.43	0	0	2	1	1	1	6	2	1	1	1	6	41
2623	2623	0.8	0	0	2	2	2	1	7	2	2	2	1	7	27
2667	2740	-4.5	0	8	1	0	1	1	3	1	1	0	0	4	90
2624	2614	0.5	0	0	2	1	2	1	8	2	2	1	1	8	14
2605	2675	0.34	0	0	2	1	2	1	8	2	1	2	1	8	17
2690	2605	-0.1	0	-3	1	1	1	1	3	2	0	1	1	4	63
2600	2663	-8.98	0	-4	1	0	1	0	1	1	1	0	0	5	104
2651	2692	0.65	0	0	2	2	2	1	8	2	2	2	1	8	18
2600	2610	-0.81	0	0	2	2	1	1	6	2	1	2	1	6	30
2717	2714	-1.48	0	-2	0	0	0	1	5	0	0	1	1	4	74
2660	2615	0.62	0	0	2	2	1	1	7	2	2	1	1	7	27
2646	2717	0.03	0	0	2	2	1	1	7	2	1	2	1	7	21
2764	2673	0.47	0	0	2	2	2	1	8	2	2	2	1	8	9
2805	2712	-1.71	0	-1	1	1	0	0	4	1	1	0	0	5	61
2610	2680	0.12	0	0	2	2	2	1	8	2	2	2	1	8	2
2642	2624	0.11	0	0	2	2	2	1	8	2	2	2	1	8	19
2652	2602	0.53	0	-3	2	2	1	1	7	2	2	2	1	7	25
2752	2771	0.58	0	0	2	2	0	1	7	2	1	1	1	7	67
2626	2686	0.37	0	-2	2	1	2	1	7	2	2	2	1	6	23
2659	2720	-0.3	0	0	2	1	2	1	6	2	1	2	1	6	46
2738	2727	-1.21	0	-3	2	1	2	1	5	2	2	2	1	5	46
2642	2706	0.84	0	0	2	2	2	1	7	2	2	2	1	7	28
2673	2649	-0.09	0	0	2	2	2	1	6	2	2	2	1	6	33
2709	2627	-1.17	0	-1	1	1	0	0	2	1	1	0	0	3	111
2668	2692	0.09	0	0	2	2	1	1	5	2	1	2	1	5	0
2687	2696	0.08	0	0	0	1	0	0	5	0	1	0	0	5	67
2623	2678	-0.36	0	0	1	0	1	1	7	1	0	1	1	7	60
2635	2690	-0.02	0	0	2	0	1	0	6	2	0	1	0	6	51
2655	2695	-5.16	0	-3	1	1	1	0	3	1	1	1	0	6	77
2632	2684	0.48	0	0	2	2	2	1	8	2	2	2	1	8	1
2650	2600	-0.05	0	0	2	1	2	1	6	2	2	1	1	6	41
2739	2609	-4.55	0	4	2	1	1	1	7	2	0	1	1	6	52
2623	2730	-1.02	0	0	2	0	2	1	7	2	0	2	1	7	44
2755	2799	-0.54	0	1	2	1	2	1	6	1	2	2	1	7	34
2605	2735	-10.2	0	-2	1	0	0	0	1	1	0	0	0	3	103
2606	2707	-2.72	0	-2	1	0	0	0	2	1	0	1	0	1	111
2686	2614	-3.33	0	-3	2	1	1	1	4	2	1	2	1	4	36
2667	2820	0.32	0	0	2	2	2	1	7	2	2	2	1	7	50
2830	2766	0.97	0	0	2	2	2	1	7	2	2	2	1	7	37
2659	2685	0.31	0	0	2	2	2	1	8	2	2	2	1	8	3
2779	2733	0.47	0	0	2	2	2	1	7	2	2	2	1	7	9
2674	2822	0.29	0	0	2	2	2	1	8	2	2	2	1	8	6
2620	2615	-5.84	0	-4	2	0	0	1	2	1	1	1	1	5	57
2718	2749	-0.31	0	0	1	1	0	0	4	1	0	1	0	4	83
2691	2654	-3.77	0	0	2	0	0	0	5	2	0	0	0	5	95
2695	2600	-2.07	0	0	2	1	2	1	6	2	1	2	1	6	45
2647	2653	0.36	0	0	2	2	2	1	8	2	2	2	1	8	7
2700	2752	0.1	0	0	2	2	2	1	8	2	2	2	1	8	9
2655	2665	-2.38	0	-1	1	1	0	0	5	1	1	0	0	6	75
2721	2764	-5.09	0	-1	1	1	0	1	6	1	1	0	1	7	73
2605	2783	-4.25	0	-6	0	1	0	0	3	1	1	1	0	1	98
2626	2695	0.4	0	0	2	2	2	1	5	2	2	2	1	5	35
2615	2633	0.37	0	0	2	1	1	1	6	2	1	1	1	6	42
2622	2654	-2.53	0	0	2	0	1	0	5	2	1	0	0	5	60
2621	2612	0.45	0	3	2	2	2	1	7	2	1	2	1	7	20
2646	2634	-0.04	0	0	1	1	0	0	6	1	1	0	0	6	59
2671	2669	0.14	0	1	2	1	1	1	5	2	1	1	1	4	48
2642	2700	-2.98	0	-1	2	0	0	0	4	1	1	1	0	4	91
2645	2660	0.42	0	0	2	1	2	1	7	2	1	2	1	7	34
2696	2739	0.16	0	0	2	2	2	1	8	2	2	2	1	8	20
2615	2667	-0.17	0	0	2	2	2	1	7	2	2	2	1	7	36
2656	2662	-1.61	0	-1	1	0	1	0	2	1	1	0	0	3	84
2643	2691	0.0	0	-1	2	1	0	1	6	2	1	0	1	7	50
2694	2748	-3.63	0	-2	1	0	0	0	6	0	0	0	1	4	63
2737	2732	0.03	0	0	2	2	2	1	8	2	2	2	1	8	12
2605	2635	-3.86	0	0	2	0	2	0	4	2	0	2	0	4	60
2743	2753	0.32	0	1	2	2	2	1	8	2	2	2	1	7	7
2645	2625	-1.01	0	-1	2	0	2	1	4	2	1	1	1	5	58
2602	2671	0.31	0	0	2	2	2	1	8	2	2	2	1	8	4
2610	2745	-3.25	0	2	2	2	1	0	5	2	2	1	0	3	84
2667	2615	-8.78	0	0	1	1	0	0	3	1	0	1	0	3	101
2655	2740	-0.19	0	1	2	1	2	1	6	2	1	2	1	5	30
2709	2817	-1.12	0	0	2	2	0	0	7	2	2	0	0	7	50
2774	2837	-0.09	0	1	2	1	1	1	6	2	1	1	1	5	71
2648	2704	-2.31	0	-1	0	1	1	0	2	0	1	1	0	3	106
2655	2665	0.13	0	0	2	2	2	1	8	2	2	2	1	8	10
2620	2722	-3.75	0	-1	1	1	1	0	4	0	1	0	1	4	68
2659	2720	0.67	0	-1	2	1	1	0	5	2	1	1	0	6	46
2684	2677	-4.25	0	-2	1	1	1	1	5	1	1	1	1	7	54
2743	2770	-3.17	0	-2	0	0	1	0	2	1	0	0	0	2	144
2635	2687	-2.85	0	-2	1	0	0	1	4	1	0	0	1	6	83
2617	2617	0.18	0	0	2	2	2	1	8	2	2	2	1	8	6
2708	2646	-2.64	0	-3	0	0	1	0	4	1	1	0	0	2	105
2730	2756	0.01	0	0	2	2	2	1	8	2	2	2	1	8	12
2640	2675	-7.78	0	-2	2	1	0	0	1	2	0	1	0	3	114
2670	2657	0.42	0	0	2	2	2	1	8	2	2	2	1	8	16
2680	2645	-6.01	0	-4	1	0	1	0	1	1	1	0	0	5	97
2660	2681	0.52	0	0	2	1	2	1	7	2	1	2	1	7	19
2669	2723	0.0	0	0	2	1	2	1	7	2	1	2	1	7	24
2628	2627	-1.59	0	2	2	1	0	1	5	2	0	1	1	3	57
2646	2671	-0.1	0	0	2	2	1	1	6	2	1	2	1	6	45
2745	2609	-3.4	0	0	1	1	0	0	4	1	0	1	0	4	67
2648	2607	-5.63	0	-3	1	2	1	1	4	2	1	1	1	5	47
2631	2641	-1.76	0	-1	1	1	1	0	4	1	1	1	0	5	62
2650	2670	-2.01	0	-2	0	0	1	0	3	1	0	0	0	3	115
2640	2750	1.82	0	0	0	1	0	1	5	0	1	0	1	5	69
2660	2666	0.2	0	0	2	1	2	1	6	2	1	2	1	6	37
2686	2668	0.15	0	1	2	2	2	1	7	2	2	2	1	6	14
2632	2664	-6.42	0	-2	1	1	0	0	4	1	0	1	0	6	87
2670	2749	0.01	0	0	2	1	2	1	8	2	1	2	1	8	18
2613	2703	0.83	0	0	1	1	0	0	6	1	1	0	0	6	74
2660	2725	0.03	0	0	2	1	2	1	7	2	1	2	1	7	25
2696	2739	-5.59	0	-1	0	1	2	0	3	0	1	2	0	4	80
2745	2700	0.3	0	0	2	2	2	1	8	2	2	2	1	8	1
2657	2728	-3.24	0	0	2	1	0	1	6	2	0	1	1	6	49
2693	2696	1.0	0	1	2	1	1	1	7	2	1	1	1	6	58
2630	2615	-2.7	0	2	1	1	1	1	3	1	1	0	1	4	96
2652	2773	-5.66	0	-1	1	1	0	0	3	0	1	1	0	6	79
2787	2752	0.0	0	2	2	0	1	0	6	1	1	1	0	6	85
2650	2685	-3.32	0	-2	0	2	0	0	3	1	0	1	0	3	95
2675	2746	0.0	0	0	1	0	2	1	4	1	1	1	1	4	54
2688	2711	-5.57	0	-3	1	0	0	0	1	1	1	0	0	1	109
2638	2738	0.47	0	0	2	2	2	1	8	2	2	2	1	8	9
2616	2607	-1.45	0	1	2	1	2	1	7	2	1	2	1	6	38
2630	2677	0.29	0	0	2	1	2	1	7	2	1	2	1	7	12
2635	2625	-0.12	0	1	1	1	0	1	6	1	1	0	1	5	56
2660	2679	0.55	0	0	2	2	2	1	7	2	2	2	1	7	29
2722	2675	-0.15	0	0	2	0	2	1	6	2	1	1	1	6	64
2747	2671	-0.55	0	-1	1	0	0	0	3	1	0	0	0	4	81
2780	2733	-4.81	0	-1	1	0	1	0	4	1	0	1	0	5	83
2635	2620	-0.16	0	0	2	2	2	1	7	2	2	2	1	7	33
2615	2626	-23.48	0	0	0	0	1	1	5	0	0	1	1	5	85
2626	2670	-2.76	0	-3	2	0	1	1	6	2	2	0	1	6	73
2619	2632	-3.06	0	-3	2	0	1	1	6	2	2	0	1	6	0
2774	2784	-1.96	0	1	2	1	1	1	7	2	1	1	1	6	58
2635	2740	-0.41	0	0	2	1	2	1	6	2	1	2	1	6	34
2723	2636	0.66	0	1	2	0	1	1	6	2	0	1	1	5	58
2697	2671	0.3	0	0	2	2	1	1	6	2	1	2	1	6	31
2705	2614	0.0	0	-2	2	0	2	0	8	2	1	2	0	7	133
2673	2670	-3.93	0	-1	2	0	1	1	6	1	1	2	1	6	35
2700	2768	0.66	0	0	2	2	2	1	8	2	2	2	1	8	3
2698	2774	1.31	0	-2	1	2	1	1	6	2	1	2	1	3	75
2621	2651	-1.2	0	-1	1	0	1	0	4	1	0	1	0	5	86
2670	2683	-2.9	0	-1	1	1	1	1	4	1	2	0	1	5	52
2657	2610	-8.18	0	-2	0	0	0	1	2	0	0	0	1	4	94
2630	2655	-8.25	0	-1	0	1	0	1	4	0	1	0	1	5	117
2679	2655	0.37	0	0	2	2	2	1	7	2	2	2	1	7	12
2659	2645	0.49	0	-1	2	2	2	1	6	2	2	2	1	7	15
2665	2718	-7.01	0	-5	0	1	0	0	2	0	0	0	1	1	143
2630	2610	-2.68	0	-2	1	1	0	1	5	2	0	0	1	5	49
2671	2628	-8.35	0	-1	2	1	0	1	4	2	1	0	1	5	78
2649	2687	-0.45	0	0	2	2	1	0	6	2	1	2	0	6	54
2676	2600	0.8	0	0	2	2	2	1	8	2	2	2	1	8	13
2609	2650	0.32	0	0	2	2	2	1	7	2	2	2	1	7	13
2655	2600	0.4	0	0	2	2	2	1	7	2	2	2	1	7	11
2794	2797	1.19	0	0	1	2	1	0	7	1	1	2	0	7	41
2620	2615	0.17	0	0	2	2	2	1	7	2	2	2	1	7	17
2669	2607	0.32	0	0	2	1	2	1	7	2	1	2	1	7	24
2630	2655	-7.89	0	-1	2	0	0	0	3	2	0	0	0	4	94
2650	2659	0.31	0	0	2	2	2	1	8	2	2	2	1	8	4
2702	2838	-4.72	0	-2	1	1	0	0	4	2	0	0	0	4	91
2687	2688	-1.35	0	1	1	0	1	1	3	0	1	1	1	4	60
2668	2608	-6.62	0	-3	1	1	0	0	1	1	1	0	0	4	88
2605	2740	-1.1	0	0	1	0	0	1	5	1	1	0	1	2	53
2695	2664	-1.31	0	0	2	1	0	1	6	2	0	1	1	6	52
2724	2749	-12.98	0	-1	0	0	1	1	4	1	0	0	1	3	108
2660	2685	-0.39	0	0	2	2	1	1	8	2	1	2	1	8	23
2649	2708	-6.52	0	-1	1	0	0	0	2	1	0	0	0	3	102
2627	2663	-2.28	0	0	2	2	1	1	7	2	1	2	1	7	31
2733	2729	-4.61	0	-10	0	1	0	0	4	0	1	0	1	5	87
2601	2762	-3.56	0	0	1	1	1	1	5	1	0	2	1	5	56
2658	2655	0.78	0	0	1	0	1	1	5	1	0	1	1	5	60
2680	2740	-8.01	0	-1	0	0	1	0	4	0	1	0	0	5	119
2837	2774	0.27	0	0	2	2	2	1	8	2	2	2	1	8	6
2641	2612	-2.0	0	1	1	0	0	0	3	0	0	1	0	4	115
2737	2723	-3.6	0	0	2	1	1	0	5	2	1	1	0	5	63
2690	2710	-1.58	0	2	2	2	2	1	7	2	1	2	1	8	24
2672	2627	-1.78	0	0	1	1	1	0	5	1	1	1	0	5	43
2636	2712	0.48	0	1	2	2	2	1	8	2	2	2	1	7	22
2676	2796	-8.16	0	-2	2	0	0	1	4	2	0	0	1	6	71
2676	2702	-1.65	0	0	2	1	0	1	7	2	0	1	1	7	58
2710	2605	-0.68	0	-1	1	0	1	0	4	1	1	0	0	5	50
2621	2622	-6.32	0	2	1	0	0	1	4	0	0	1	1	4	83
2641	2758	-8.35	0	-1	1	0	1	1	4	1	1	0	1	5	95
2772	2693	0.76	0	0	2	2	2	1	7	2	2	2	1	7	7
2648	2794	-0.05	0	0	2	2	2	1	7	2	2	2	1	7	23
2689	2743	-0.72	0	-1	1	0	1	1	6	1	1	1	1	4	60
2673	2702	0.16	0	0	2	2	1	1	7	2	1	2	1	7	30
2630	2708	-4.28	0	-4	0	1	1	1	6	1	0	2	1	5	65
2695	2660	0.18	0	0	2	2	2	1	8	2	2	2	1	8	5
2633	2603	-3.43	0	-2	0	1	0	0	0	0	0	1	0	2	150
2715	2729	0.3	0	0	2	2	2	1	7	2	2	2	1	7	17
2629	2600	1.43	0	0	2	1	2	1	7	2	1	2	1	7	25
2641	2749	0.0	0	-1	2	0	2	0	5	2	2	0	0	6	0
2712	2766	-4.31	0	0	1	0	1	0	5	0	0	0	1	4	70
2720	2718	-5.66	0	-2	1	0	1	0	3	1	0	1	0	5	72
2741	2631	-7.86	0	-2	1	0	0	1	4	0	2	0	1	5	84
2689	2608	-1.7	0	0	2	2	1	1	6	2	2	1	1	6	44
2640	2628	0.27	0	0	0	1	2	1	5	0	2	1	1	5	84
2700	2747	0.24	0	0	2	2	2	1	8	2	2	2	1	8	8
2660	2770	-1.58	0	0	2	1	2	1	7	2	2	1	1	7	37
2615	2600	-3.36	0	1	2	1	2	1	6	2	2	1	1	5	31
2632	2659	-10.33	0	3	2	1	2	1	5	2	2	0	1	5	56
2671	2628	-0.48	0	0	2	1	1	1	7	2	1	1	1	7	32
2659	2650	0.41	0	0	2	2	2	1	8	2	2	2	1	8	8
2662	2626	-6.33	0	0	2	0	0	0	4	1	0	1	0	6	86
2610	2665	-5.65	0	-1	1	1	1	0	4	1	0	2	0	5	82
2710	2717	0.54	0	0	2	2	2	1	7	2	2	2	1	7	13
2645	2611	-1.7	0	0	0	1	0	1	5	0	1	0	1	5	87
2726	2674	-2.72	0	-4	1	0	1	0	4	1	2	0	0	5	84
2666	2664	-2.12	0	0	1	1	0	0	4	1	0	1	0	4	76
2700	2725	-5.16	0	2	2	2	0	1	6	1	2	1	1	6	53
2608	2614	0.32	0	0	2	2	2	1	8	2	2	2	1	8	3
2702	2718	0.0	0	2	2	1	0	1	4	1	1	1	1	4	64
2614	2675	0.61	0	0	2	1	2	1	8	2	2	1	1	8	13
2688	2755	-3.78	0	-2	2	1	0	0	5	2	1	1	0	4	64
2600	2610	-5.58	0	-3	1	0	1	1	5	2	0	0	1	6	41
2630	2805	1.05	0	0	2	1	2	1	7	2	1	2	1	7	25
2724	2673	1.01	0	0	2	1	2	1	6	2	2	1	1	6	32
2640	2658	-6.75	0	1	2	1	0	1	5	2	0	1	1	4	67
2734	2653	-7.55	0	0	2	1	1	1	4	2	1	1	1	4	51
2683	2602	-1.82	0	0	0	0	1	1	6	0	0	1	1	6	74
2677	2654	0.1	0	0	2	2	1	1	7	2	1	2	1	7	32
2797	2727	-6.32	0	-2	1	0	2	1	7	2	1	0	1	7	70
2680	2643	-0.29	0	-2	2	0	2	1	7	2	2	1	1	6	35
2666	2675	2.43	0	1	1	0	0	0	6	1	0	0	0	5	0
2638	2762	-3.67	0	0	2	1	0	0	6	2	1	0	0	6	78
2760	2675	0.41	0	0	2	2	2	1	8	2	2	2	1	8	0
2602	2602	-0.56	0	1	2	2	1	1	7	2	1	2	1	6	27
2779	2814	-17.51	0	5	2	2	1	1	5	1	2	1	1	5	63
2600	2630	0.49	0	0	2	2	2	1	7	2	2	2	1	7	45
2636	2690	1.58	0	0	2	1	2	1	6	2	1	2	1	6	47
2605	2655	-7.55	0	-2	1	0	1	0	4	1	1	0	0	6	86
2720	2723	-0.97	0	0	2	1	1	0	7	2	0	2	0	7	45
2602	2700	-3.33	0	-1	2	0	0	1	5	1	1	1	1	5	49
2643	2616	0.35	0	0	2	2	2	1	8	2	2	2	1	8	8
2810	2788	-0.48	0	3	2	2	2	1	7	2	1	2	1	7	26
2601	2664	-2.23	0	0	2	0	1	1	5	2	0	1	1	5	45
2640	2748	-2.16	0	-1	1	1	1	1	5	2	0	1	1	4	56
2653	2714	-3.78	0	-2	1	0	2	1	5	1	2	1	1	4	57
2612	2713	0.13	0	0	2	1	1	1	6	2	1	1	1	6	35
2739	2694	-2.12	0	0	2	1	2	1	7	2	2	1	1	7	54
2714	2751	0.96	0	0	2	2	2	1	7	2	2	2	1	7	23
2663	2610	0.51	0	0	2	2	2	1	8	2	2	2	1	8	10
2614	2664	1.22	0	0	2	2	1	1	5	2	1	2	1	5	54
2707	2738	2.53	0	1	2	1	1	1	5	2	2	0	1	4	59
2640	2608	-0.18	0	0	2	2	1	1	7	2	1	2	1	7	35
2706	2654	-0.35	0	0	2	1	2	1	7	2	1	2	1	7	26
2704	2724	0.0	0	-1	2	2	0	1	6	2	1	1	1	7	50
2608	2661	0.35	0	1	2	2	2	1	8	2	2	2	1	7	8
2655	2600	0.25	0	0	2	1	2	1	6	2	1	2	1	6	38
2737	2778	0.6	0	0	2	1	2	1	5	2	1	2	1	5	50
2677	2721	-0.35	0	0	1	0	1	1	5	1	0	1	1	5	57
2619	2633	1.97	0	1	1	1	1	0	6	2	0	0	0	6	63
2669	2716	-1.22	0	0	2	0	2	1	6	2	2	1	1	3	42
2673	2676	0.1	0	0	1	0	1	0	6	1	1	0	0	6	66
2620	2735	-1.95	0	0	2	0	1	1	5	2	0	1	1	5	54
2726	2653	0.3	0	0	2	2	2	1	8	2	2	2	1	8	16
2729	2723	0.48	0	0	2	2	2	1	8	2	2	2	1	8	11
2722	2687	0.95	0	-1	2	0	2	1	6	2	1	1	1	7	47
2644	2672	-0.19	0	0	2	2	2	1	6	2	2	2	1	6	25
2740	2650	0.32	0	0	2	2	1	1	7	2	1	2	1	7	20
2663	2648	0.4	0	0	2	2	2	1	7	2	2	2	1	7	26
2608	2714	0.41	0	0	1	1	1	1	5	1	2	0	1	5	57
2610	2645	-2.24	0	-2	2	1	1	1	5	2	2	0	1	7	34
2601	2649	-4.82	0	-3	2	1	0	0	6	1	0	1	1	5	146
2634	2637	-0.66	0	0	2	2	1	1	7	2	1	2	1	7	43
2737	2722	-0.09	0	1	2	1	1	1	6	2	1	1	1	5	50
2723	2712	-2.04	0	5	2	1	0	0	5	1	1	0	0	5	56
2692	2606	-4.08	0	-1	2	1	0	0	5	2	0	1	0	6	58
2774	2719	-6.14	0	-3	2	0	1	0	2	2	0	1	0	5	58
2751	2712	-3.78	0	-2	2	0	1	1	4	2	1	1	1	3	63
2723	2613	0.68	0	0	2	2	2	1	8	2	2	2	1	8	17
2664	2664	-4.4	0	-6	2	1	1	1	4	2	2	2	1	4	50
2715	2635	-0.16	0	1	2	2	1	1	7	2	2	1	1	6	30
2733	2699	0.0	0	1	2	0	0	1	4	1	0	1	1	5	52
2628	2772	0.26	0	0	2	0	2	1	7	2	1	1	1	7	36
2648	2813	0.8	0	0	2	2	2	1	7	2	2	2	1	7	22
2644	2680	-0.03	0	0	2	2	2	1	7	2	2	2	1	7	19
2733	2729	0.52	0	0	2	2	2	1	7	2	2	2	1	7	11
2600	2601	0.18	0	0	2	1	1	0	7	2	2	0	0	7	50
2714	2719	-2.0	0	-1	0	1	0	0	4	0	0	1	0	5	66
2677	2733	0.07	0	0	2	1	2	1	6	2	1	2	1	6	33
2606	2685	0.28	0	0	2	2	2	1	8	2	2	2	1	8	17
2621	2683	0.23	0	0	2	2	2	1	8	2	2	2	1	8	4
2610	2694	-2.98	0	0	2	1	1	1	6	2	0	2	1	6	44
2601	2650	-0.55	0	1	2	2	0	1	6	2	0	2	1	5	45
2790	2763	-5.17	0	-1	2	2	0	0	4	2	2	0	0	5	59
2651	2630	-11.25	0	-2	2	0	1	1	2	1	1	1	1	6	85
2808	2786	0.0	0	0	2	1	2	1	7	2	2	1	1	7	36
2680	2616	-2.34	0	0	1	1	0	0	4	1	0	1	0	4	87
2714	2716	1.26	0	0	2	1	1	0	7	2	1	1	0	7	51
2708	2708	2.3	0	2	1	1	2	1	5	1	1	1	1	6	68
2628	2734	1.15	0	0	2	2	2	1	7	2	2	2	1	7	36
2647	2610	-4.75	0	4	2	0	1	0	2	1	0	1	0	3	100
2610	2695	-3.89	0	-3	1	0	0	0	4	1	0	1	0	4	71
2624	2679	-5.05	0	-2	2	2	1	1	4	2	2	1	1	6	38
2636	2654	2.94	0	1	2	0	1	1	5	1	1	1	1	6	53
2621	2705	0.52	0	0	2	2	2	1	7	2	2	2	1	7	15
2609	2727	-4.22	0	0	0	1	0	0	4	0	1	0	0	4	84
2606	2601	0.46	0	0	2	2	2	1	8	2	2	2	1	8	9
2726	2708	-0.21	0	0	2	1	2	0	5	2	1	2	0	5	40
2673	2729	-1.26	0	0	2	2	1	1	6	2	2	1	1	6	55
2630	2665	-1.47	0	0	1	1	1	0	3	1	1	1	0	3	96
2631	2601	-1.67	0	0	1	1	0	0	5	1	0	1	0	5	74
2633	2646	0.24	0	0	2	2	2	1	7	2	2	2	1	7	10
2676	2709	0.35	0	0	2	2	2	1	8	2	2	2	1	8	15
2617	2714	0.19	0	0	2	2	2	1	8	2	2	2	1	8	5
2675	2640	-4.92	0	-3	1	0	1	0	6	1	1	1	0	6	73
2662	2709	-6.02	0	-4	0	0	1	0	2	0	1	1	0	3	88
2731	2614	0.57	0	0	2	2	2	1	6	2	2	2	1	6	24
2723	2613	-5.01	0	-2	2	0	2	0	1	2	0	2	0	3	95
2716	2694	0.0	0	-1	2	1	0	1	5	2	0	1	1	6	51
2689	2729	-56.8	0	-1	0	0	0	0	1	0	0	0	0	2	139
2610	2750	-6.75	0	-1	1	0	1	1	5	1	0	1	1	6	74
2650	2661	-2.52	0	-1	1	1	1	0	4	1	2	0	0	5	71
2622	2611	-0.06	0	0	2	2	2	1	6	2	2	2	1	6	34
2615	2650	0.62	0	0	2	2	2	1	7	2	2	2	1	7	19
2720	2745	-1.11	0	-1	1	0	0	0	3	1	0	0	0	4	87
2660	2760	0.62	0	0	2	1	2	1	7	2	1	2	1	7	28
2690	2743	-3.86	0	-1	2	1	1	0	5	2	2	0	0	6	68
2675	2606	2.89	0	1	0	0	1	0	5	0	1	0	0	4	71
2722	2658	-4.02	0	0	0	0	1	0	3	0	1	0	0	3	74
2660	2694	-9.37	0	-1	1	0	0	0	3	1	0	0	0	4	82
2655	2600	0.13	0	0	2	1	1	1	6	2	0	2	1	6	41
2781	2812	0.43	0	0	2	2	2	1	8	2	2	2	1	8	8
2673	2654	1.09	0	0	1	0	2	1	5	1	1	1	1	5	75
2650	2685	-0.12	0	1	1	2	0	0	3	1	0	1	0	5	70
2650	2740	-1.6	0	0	2	1	0	1	5	2	0	1	1	5	44
2743	2753	0.0	0	-2	1	1	2	1	6	2	2	0	1	6	44
2640	2725	0.76	0	1	2	2	2	1	8	2	2	2	1	7	18
2663	2716	-2.68	0	-1	2	0	1	1	5	2	1	0	1	6	68
2645	2690	-5.46	0	-3	0	1	1	1	5	1	0	1	1	6	71
2650	2615	0.09	0	0	2	2	2	1	7	2	2	2	1	7	18
2614	2663	0.4	0	0	2	1	2	1	7	2	1	2	1	7	14
2641	2619	0.75	0	0	2	2	2	1	8	2	2	2	1	8	15
2673	2640	0.68	0	0	2	2	2	1	6	2	2	2	1	6	28
2653	2677	0.21	0	0	2	2	2	1	8	2	2	2	1	8	3
2668	2635	-5.66	0	-2	1	1	2	0	4	2	1	1	0	4	109
2671	2603	0.21	0	0	2	2	2	1	8	2	2	2	1	8	1
2705	2630	0.55	0	0	2	2	2	1	8	2	2	2	1	8	10
2680	2684	-0.56	0	1	2	2	1	1	7	2	1	2	1	6	33
2661	2642	-9.13	0	-3	1	0	1	1	2	2	0	0	1	3	71
2642	2662	0.23	0	0	2	2	2	1	8	2	2	2	1	8	6
2751	2733	-1.0	0	-1	2	0	0	0	3	2	0	0	0	4	77
2604	2601	-1.21	0	1	2	0	1	1	7	1	2	1	1	5	66
2665	2725	-6.71	0	0	2	0	1	1	5	1	0	2	1	7	72
2715	2673	0.3	0	0	2	2	1	1	7	2	2	1	1	7	31
2684	2691	-0.98	0	0	2	0	1	1	5	2	1	0	1	5	47
2780	2749	0.43	0	0	2	2	0	1	7	2	2	0	1	7	30
2664	2664	-6.32	0	-2	0	0	1	0	1	0	0	1	0	3	152
2655	2675	-1.37	0	0	2	2	2	1	6	2	2	2	1	6	37
2715	2710	0.0	0	2	2	1	1	1	7	2	0	2	1	5	44
2728	2802	1.02	0	0	2	2	2	1	8	2	2	2	1	8	13
2723	2740	-3.44	0	-7	1	1	1	1	3	2	1	1	1	5	103
2670	2620	-3.4	0	0	1	0	0	0	5	1	0	1	0	2	92
2604	2656	-2.98	0	-2	2	2	0	1	6	2	1	2	1	5	31
2605	2610	-4.44	0	1	1	1	1	0	4	1	1	0	0	6	69
2624	2624	0.0	0	-3	1	0	2	0	4	1	1	2	0	4	53
2601	2665	-0.57	0	-1	1	1	0	1	3	1	1	0	1	4	85
2611	2693	-5.12	0	1	2	1	2	1	5	2	1	1	1	7	35
2675	2601	-2.52	0	-3	1	0	0	1	5	2	1	1	0	6	55
2617	2678	0.43	0	0	2	2	2	1	8	2	2	2	1	8	19
2602	2705	0.53	0	0	2	2	2	1	8	2	2	2	1	8	19
2625	2710	-0.48	0	0	2	2	2	0	6	2	2	2	0	6	26
2628	2692	0.0	0	0	2	1	2	1	6	2	1	2	1	6	36
2605	2660	0.65	0	0	2	2	2	1	7	2	2	2	1	7	19
2627	2635	0.87	0	-1	1	0	2	1	6	2	1	0	1	5	50
2627	2686	-4.35	0	0	2	0	0	1	5	2	0	0	1	5	105
2645	2737	-0.07	0	0	2	2	2	1	7	2	2	2	1	7	22
2649	2614	-1.27	0	0	2	1	1	1	6	2	0	2	1	6	31
2602	2710	0.38	0	0	2	2	2	1	8	2	2	2	1	8	9
2688	2633	-1.21	0	-1	1	1	1	0	4	2	0	0	0	6	48
2611	2729	-8.69	0	-1	0	0	1	0	2	0	0	1	0	3	103
2606	2769	0.17	0	0	2	1	2	1	7	2	1	2	1	7	15
2651	2630	0.69	0	0	2	2	2	1	8	2	2	2	1	8	13
2610	2678	-0.32	0	0	2	0	1	1	5	2	0	1	1	5	73
2664	2700	-3.27	0	0	0	0	1	1	6	0	0	1	1	6	103
2615	2779	-2.28	0	-2	1	0	0	0	2	1	1	0	0	1	116
2630	2735	-4.03	0	-1	1	0	1	0	4	1	1	0	0	5	65
2720	2746	-1.42	0	0	2	1	1	1	6	2	1	1	1	6	44
2675	2775	0.0	0	-3	1	0	0	0	0	1	1	0	0	0	150
2640	2675	-2.59	0	-3	2	1	0	0	5	2	0	2	0	5	85
2635	2712	-3.75	0	0	2	2	0	1	5	2	2	0	1	5	48
2605	2615	0.19	0	1	2	1	2	1	6	2	2	1	1	5	29
2715	2673	0.51	0	0	2	2	1	1	7	2	2	1	1	7	63
2715	2632	0.15	0	0	2	2	2	1	8	2	2	2	1	8	2
2680	2758	-4.75	0	2	1	1	0	1	3	1	0	0	1	4	80
2751	2700	-0.15	0	1	2	2	2	1	8	2	2	2	1	7	40
2667	2622	0.19	0	0	2	1	2	1	8	2	2	1	1	8	18
2605	2655	0.33	0	-1	2	1	1	1	3	2	0	2	1	4	85
2600	2619	-0.85	0	0	2	1	1	1	6	2	0	2	1	6	47
2660	2635	-4.33	0	4	2	1	1	0	4	1	1	1	0	5	64
2670	2690	0.0	0	0	2	1	1	1	6	2	1	1	1	6	45
2707	2645	0.21	0	0	2	2	2	1	7	2	2	2	1	7	8
2680	2628	-3.67	0	1	2	0	1	1	6	2	0	1	1	5	51
2647	2652	-0.99	0	0	2	1	2	0	6	2	1	2	0	6	37
2630	2635	0.09	0	0	2	2	2	1	7	2	2	2	1	7	16
2740	2695	-1.18	0	-1	0	2	0	0	3	0	1	1	0	4	107
2685	2700	0.22	0	0	2	2	2	1	8	2	2	2	1	8	6
2685	2805	1.42	0	1	2	2	1	1	7	2	2	1	1	6	31
2655	2605	0.48	0	0	2	2	2	1	8	2	2	2	1	8	26
2642	2631	-0.27	0	0	2	2	1	1	6	2	1	2	1	6	26
2605	2685	-0.16	0	0	2	2	2	1	7	2	2	2	1	7	26
2697	2643	-1.23	0	0	2	0	1	1	6	2	1	0	1	6	45
2746	2720	1.44	0	1	0	1	0	1	4	0	0	1	1	3	105
2665	2655	-2.31	0	-3	2	1	2	1	6	2	2	2	1	6	27
2675	2641	-0.29	0	0	2	1	1	1	5	2	1	1	1	5	53
2610	2635	-0.62	0	0	1	1	1	1	6	1	2	0	1	6	62
2684	2692	-0.23	0	1	2	2	1	1	8	2	1	2	1	7	26
2620	2605	0.34	0	0	2	2	2	1	8	2	2	2	1	8	1
2709	2686	-0.19	0	0	2	0	2	1	7	2	1	1	1	7	36
2602	2655	-2.85	0	0	1	0	1	1	5	1	0	1	1	5	66
2748	2682	-0.36	0	0	1	0	1	1	5	1	1	0	1	5	89
2690	2605	0.11	0	0	2	2	2	1	8	2	2	2	1	8	11
2616	2716	-2.01	0	-1	0	1	0	0	3	0	0	1	0	4	68
2639	2609	-1.82	0	-1	2	1	1	1	6	2	2	1	1	4	55
2697	2693	0.46	0	0	2	2	2	1	8	2	2	2	1	8	11
2635	2740	-0.04	0	0	1	0	2	1	6	1	0	2	1	6	45
2760	2823	0.58	0	0	2	2	2	1	7	2	2	2	1	7	27
2625	2605	0.56	0	0	2	2	2	1	7	2	2	2	1	7	11
2690	2760	5.92	0	2	2	0	0	0	4	1	1	0	0	4	79
2625	2744	0.15	0	0	2	2	1	1	8	2	1	2	1	8	12
2671	2689	0.0	0	0	2	2	2	1	8	2	2	2	1	8	6
2627	2686	-4.25	0	0	1	0	0	1	5	1	0	0	1	5	116
2698	2685	-5.13	0	-1	0	0	1	1	5	1	0	0	1	4	65
2615	2692	0.66	0	0	2	1	1	1	7	2	1	1	1	7	43
2681	2710	-2.71	0	-1	1	1	0	0	3	1	0	1	0	4	82
2630	2630	-9.68	0	-1	0	0	1	0	2	1	0	0	0	1	139
2638	2723	0.17	0	-2	2	1	2	1	8	2	2	2	1	7	14
2672	2741	-4.25	0	1	2	0	0	0	4	2	0	0	0	3	74
2633	2807	-5.13	0	-1	1	1	0	1	5	1	0	1	1	6	104
2665	2605	-2.71	0	-1	2	2	1	1	3	2	1	2	1	4	52
2623	2647	0.0	0	1	2	0	1	1	7	2	0	1	1	6	52
2744	2743	0.4	0	0	2	1	1	1	7	2	1	1	1	7	21
2637	2674	0.27	0	0	2	2	2	1	8	2	2	2	1	8	1
2650	2660	-4.78	0	-1	0	0	0	1	4	0	0	0	1	5	79
2604	2688	0.37	0	0	2	2	2	1	8	2	2	2	1	8	3
2632	2648	0.0	0	0	2	2	2	1	6	2	2	2	1	6	18
2793	2725	-2.21	0	0	2	2	1	1	7	2	1	2	1	7	28
2607	2677	0.0	0	0	1	0	0	0	4	1	0	0	0	4	57
2645	2600	-3.48	0	0	1	0	1	0	6	1	1	0	0	6	120
2601	2659	-8.02	0	-2	1	0	0	0	3	1	0	0	0	5	90
2624	2601	-2.49	0	-1	1	0	1	0	5	2	0	0	0	4	54
2642	2706	1.02	0	0	2	2	2	1	8	2	2	2	1	8	9
2719	2729	0.0	0	1	2	1	1	1	7	2	1	1	1	6	43
2690	2812	1.26	0	-1	2	1	2	1	6	2	1	2	1	7	31
2655	2650	0.24	0	0	2	2	2	1	8	2	2	2	1	8	6
2648	2657	0.23	0	0	2	1	1	1	8	2	1	1	1	8	32
2646	2627	0.36	0	0	2	2	2	1	8	2	2	2	1	8	6
2717	2772	-2.72	0	0	1	1	1	0	5	2	0	1	0	3	72
2727	2762	0.0	0	-1	2	2	0	0	4	2	1	1	0	5	59
2645	2610	-2.14	0	0	2	1	2	1	5	2	2	1	1	5	72
2616	2659	-57.79	0	-4	0	0	0	1	0	0	0	1	1	1	217
2625	2650	-5.12	0	-1	0	1	0	0	3	0	1	0	0	4	94
2676	2684	-1.34	0	-1	2	0	1	0	5	2	0	1	0	6	53
2743	2689	0.42	0	0	2	2	2	1	7	2	2	2	1	7	8
2696	2716	0.43	0	0	2	1	2	1	8	2	2	1	1	8	12
2663	2615	0.3	0	0	2	2	2	1	8	2	2	2	1	8	5
2705	2646	-6.04	0	-6	2	0	1	1	3	2	0	0	2	3	69
2804	2748	0.31	0	0	2	2	2	1	8	2	2	2	1	8	3
2637	2642	-0.24	0	0	2	1	1	1	7	2	1	1	1	7	31
2645	2690	-0.18	0	0	2	1	2	1	8	2	2	1	1	8	26
2758	2739	0.0	0	1	2	1	0	1	3	1	0	2	1	4	60
2635	2740	-0.03	0	0	2	1	2	1	7	2	1	2	1	7	29
2694	2752	0.69	0	0	2	2	2	1	7	2	2	2	1	7	11
2645	2690	-4.4	0	-3	0	1	1	0	5	1	0	1	0	6	81
2642	2703	-0.19	0	0	2	1	2	1	6	2	2	1	1	6	39
2655	2674	0.28	0	-1	2	2	2	1	7	2	2	2	1	8	14
2640	2640	-6.67	0	-7	1	1	0	1	3	2	1	0	1	5	71
2605	2670	0.2	0	0	2	2	1	1	7	2	1	2	1	7	19
2614	2625	-4.09	0	-3	1	0	1	0	4	1	0	1	0	7	62
2660	2637	-0.47	0	0	2	1	1	1	6	2	1	1	1	6	49
2648	2705	-3.13	0	-3	2	1	0	1	6	2	0	2	1	6	76
2702	2666	-5.3	0	0	2	1	0	1	4	2	0	0	1	7	64
2646	2702	-6.53	0	-2	1	0	2	0	6	1	1	1	0	8	30
2801	2740	-1.37	0	1	2	1	1	1	7	2	1	1	1	6	50
2796	2773	-4.54	0	-1	2	1	1	0	4	1	0	1	1	4	60
2615	2680	0.35	0	0	2	2	2	1	8	2	2	2	1	8	3
2615	2680	-2.53	0	0	2	1	1	0	6	2	1	1	0	6	37
2665	2801	-0.03	0	0	2	1	1	1	7	2	0	2	1	7	39
2733	2751	-6.32	0	-7	1	0	1	0	2	2	1	0	0	4	86
2670	2626	-5.32	0	1	1	0	2	1	3	1	0	1	1	5	48
2680	2616	-7.88	0	0	0	1	0	0	3	0	0	1	0	3	125
2685	2805	0.0	0	2	2	1	0	1	5	1	1	1	1	5	58
2810	2759	0.28	0	0	2	2	2	1	8	2	2	2	1	8	8
2647	2682	1.1	0	0	2	1	2	1	6	2	1	2	1	6	35
2605	2695	0.1	0	0	2	2	2	1	8	2	2	2	1	8	3
2602	2677	-0.71	0	-3	1	1	2	1	4	2	1	1	1	5	53
2705	2641	-1.8	0	-1	0	0	1	0	5	0	1	0	0	6	95
2650	2600	0.57	0	0	2	1	2	1	5	2	2	1	1	5	41
2664	2664	-0.93	0	0	2	1	2	1	8	2	1	2	1	8	44
2705	2725	0.4	0	0	2	2	2	1	8	2	2	2	1	8	11
2725	2750	0.0	0	0	2	2	1	0	5	2	1	2	0	5	58
2688	2710	-0.11	0	0	2	1	2	1	7	2	1	2	1	7	24
2610	2726	-3.44	0	-2	0	1	2	0	6	2	0	1	0	4	48
2673	2718	0.18	0	0	2	2	2	1	7	2	2	2	1	7	18
2743	2668	0.62	0	0	2	2	1	1	7	2	1	2	1	7	22
2632	2688	0.12	0	0	2	1	2	1	7	2	1	2	1	7	12
2701	2602	0.0	0	0	2	1	1	1	8	2	1	1	1	8	34
2677	2726	-2.12	0	0	2	1	0	1	6	2	1	0	1	6	49
2635	2698	-0.22	0	-1	2	1	0	1	4	2	1	0	1	5	69
2625	2767	0.28	0	0	2	2	2	1	8	2	2	2	1	8	9
2726	2786	-0.38	0	0	2	2	2	1	6	2	2	2	1	6	26
2801	2740	0.42	0	0	2	2	2	1	7	2	2	2	1	7	17
2695	2707	0.0	0	0	2	2	1	1	6	2	2	1	1	6	34
2618	2680	0.0	0	0	2	1	1	1	5	2	1	1	1	5	58
2619	2750	5.72	0	4	1	1	0	0	5	1	0	0	0	4	113
2622	2612	0.18	0	0	2	2	2	1	8	2	2	2	1	8	2
2698	2691	0.0	0	0	2	1	2	1	7	2	1	2	1	7	49
2610	2630	-0.28	0	0	2	1	1	1	7	2	0	2	1	7	53
2656	2600	0.24	0	0	2	2	2	1	8	2	2	2	1	8	1
2610	2750	0.0	0	0	2	1	2	1	6	2	2	1	1	6	29
2714	2762	0.35	0	0	2	1	2	1	7	2	2	1	1	7	26
2607	2702	0.07	0	0	2	2	2	1	6	2	2	2	1	6	52
2627	2671	0.27	0	0	2	2	2	1	8	2	2	2	1	8	11
2708	2728	0.0	0	0	2	1	2	1	7	2	1	2	1	7	31
2659	2720	0.3	0	0	2	2	2	1	7	2	2	2	1	7	19
2601	2661	-2.25	0	-1	1	1	1	1	5	1	1	1	1	6	63
2617	2604	-4.47	0	0	2	1	0	1	5	2	0	1	1	5	62
2650	2704	-1.9	0	-3	1	1	1	1	5	2	0	1	1	6	49
2707	2628	4.58	0	1	2	0	2	0	6	2	0	2	0	5	78
2672	2676	0.0	0	0	2	2	2	1	7	2	2	2	1	7	20
2720	2695	0.87	0	0	2	2	2	1	7	2	2	2	1	7	25
2684	2787	0.53	0	0	1	0	1	1	5	1	1	0	1	5	56
2708	2803	0.23	0	0	2	2	2	1	8	2	2	2	1	8	2
2710	2700	-3.48	0	-3	2	0	2	1	5	2	1	2	1	5	34
2740	2705	0.0	0	0	2	1	2	1	7	2	2	1	1	7	34
2604	2651	0.3	0	0	2	2	1	1	7	2	2	1	1	7	34
2724	2701	0.83	0	0	2	2	2	1	7	2	2	2	1	7	33
2723	2636	0.53	0	0	2	0	1	1	6	2	0	1	1	6	49
2751	2779	-2.34	0	0	2	1	2	1	5	2	1	2	1	5	32
2636	2690	1.08	0	0	2	1	1	1	6	2	0	2	1	6	53
2698	2733	-0.33	0	0	2	1	2	1	5	2	1	2	1	5	55
2618	2720	-2.27	0	-1	2	0	1	0	5	2	0	1	0	6	67
2731	2668	-0.05	0	0	2	1	2	1	7	2	1	2	1	7	39
2640	2637	0.26	0	-2	2	1	2	1	8	2	2	2	1	7	11
2647	2682	0.35	0	0	2	2	2	1	8	2	2	2	1	8	16
2758	2684	-1.31	0	0	2	1	2	1	6	2	1	2	1	6	39
2602	2610	-1.1	0	2	2	2	1	1	6	2	1	1	1	7	26
2639	2610	1.24	0	0	1	1	1	1	6	1	1	1	1	6	67
2734	2677	-4.97	0	-2	0	0	0	1	2	1	1	1	0	2	153
2610	2706	0.0	0	-1	2	2	2	1	6	2	2	2	1	7	29
2714	2748	0.99	0	2	1	1	0	1	7	1	0	1	1	5	49
2674	2690	-8.4	0	-1	1	0	1	0	5	1	0	1	0	6	74
2641	2711	-1.23	0	0	2	2	1	1	6	2	1	2	1	6	42
2645	2691	-1.05	0	-1	1	2	1	0	6	1	2	1	0	7	57
2645	2600	0.54	0	1	2	1	2	1	7	2	2	1	1	6	22
2605	2600	0.0	0	-1	2	2	1	1	6	2	2	1	1	7	41
2685	2635	-2.26	0	0	1	2	0	0	5	2	0	0	0	6	66
2724	2602	0.0	0	0	2	2	2	1	7	2	2	2	1	7	16
2668	2689	-0.62	0	0	0	0	0	1	4	1	1	1	0	2	79
2645	2615	-3.7	0	0	1	1	0	0	3	1	0	1	0	3	98
2758	2739	1.77	0	1	2	1	0	1	3	1	0	2	1	4	51
2603	2667	-8.2	0	-2	1	1	2	1	4	2	0	2	1	4	60
2624	2743	0.16	0	0	2	2	2	1	8	2	2	2	1	8	20
2731	2731	-4.0	0	3	2	2	1	1	7	2	1	1	1	7	56
2607	2651	0.27	0	0	2	2	2	1	8	2	2	2	1	8	5
2714	2719	0.52	0	0	2	2	2	1	8	2	2	2	1	8	7
2719	2748	-2.9	0	-4	1	0	1	1	4	1	1	1	1	5	55
2612	2653	0.06	0	2	2	1	2	1	6	1	2	2	1	6	20
2690	2705	2.69	0	1	2	2	0	1	6	2	1	1	1	5	66
2812	2672	1.05	0	1	1	1	1	1	5	1	1	1	1	4	72
2605	2600	-3.78	0	0	0	1	0	0	4	0	0	1	0	4	86
2625	2710	-5.03	0	0	2	1	1	1	5	2	1	1	1	5	47
2707	2725	0.27	0	0	2	2	2	1	8	2	2	2	1	8	17
2662	2626	-0.11	0	0	2	2	2	1	7	2	2	2	1	7	27
2720	2695	0.71	0	0	2	2	2	1	7	2	2	2	1	7	12
2642	2742	-1.12	0	2	2	0	1	1	7	1	1	1	1	7	46
2615	2666	-0.49	0	0	2	0	1	1	6	2	0	1	1	6	59
2744	2731	0.87	0	0	2	2	2	1	8	2	2	2	1	8	14
2635	2695	0.13	0	0	2	2	2	1	6	2	2	2	1	6	38
2636	2667	-1.19	0	-1	0	0	2	1	4	1	0	0	1	6	73
2662	2668	0.21	0	0	2	2	2	1	7	2	2	2	1	7	27
2647	2735	0.61	0	0	2	1	2	1	6	2	2	1	1	6	33
2655	2725	0.0	0	1	2	2	1	1	7	2	2	1	1	6	30
2687	2649	-5.15	0	4	2	0	2	1	5	2	0	1	1	4	54
2693	2658	0.16	0	0	2	2	1	1	7	2	1	2	1	7	17
2680	2717	0.11	0	0	2	2	2	1	8	2	2	2	1	8	6
2655	2633	0.0	0	0	2	1	2	1	8	2	2	1	1	8	24
2732	2736	-0.54	0	0	2	1	2	1	7	2	1	2	1	7	25
2609	2607	1.43	0	3	2	1	2	1	7	2	1	1	1	7	44
2643	2657	0.3	0	0	2	1	1	1	7	2	1	1	1	7	32
2715	2703	-2.37	0	1	2	1	2	1	7	2	1	2	1	6	28
2660	2685	-0.17	0	0	2	2	2	1	6	2	2	2	1	6	28
2700	2683	0.38	0	0	2	2	2	1	7	2	2	2	1	7	9
2689	2606	0.0	0	0	2	0	1	1	7	2	1	0	1	7	56
2600	2610	-5.85	0	2	2	0	2	1	5	2	0	1	1	6	35
2615	2635	-0.09	0	-1	2	2	1	1	6	2	1	2	1	7	26
2600	2640	3.09	0	0	2	2	2	1	6	2	2	2	1	6	49
2610	2640	-0.28	0	0	1	1	0	0	5	1	1	0	0	5	81
2626	2687	-10.36	0	-2	1	0	1	0	2	1	1	0	0	4	118
2719	2699	-51.13	0	-3	1	0	0	0	0	1	0	1	0	0	195
2631	2632	0.18	0	0	2	2	2	1	8	2	2	2	1	8	27
2663	2652	0.75	0	0	2	2	2	1	8	2	2	2	1	8	9
2671	2628	-4.55	0	1	2	1	0	1	6	2	1	0	1	5	57
2748	2637	0.35	0	0	2	2	2	1	7	2	2	2	1	7	14
2640	2622	-6.18	0	0	0	0	0	0	5	0	0	0	0	5	72
2749	2721	0.47	0	0	2	1	2	1	7	2	1	2	1	7	21
2729	2668	0.43	0	-1	2	0	2	1	5	2	1	1	1	6	41
2626	2634	-6.52	0	-1	2	0	0	0	4	2	0	0	0	5	62
2679	2624	0.29	0	-2	2	1	1	1	7	2	2	1	1	6	36
2651	2690	1.33	0	4	1	0	1	1	5	0	0	1	1	6	56
2676	2610	-6.63	0	0	1	0	2	1	4	1	0	2	1	4	79
2637	2704	-4.15	0	1	2	1	1	1	6	2	1	1	1	5	50
2738	2704	0.0	0	0	2	2	1	1	6	2	1	2	1	6	33
2645	2729	-0.38	0	0	2	2	2	1	7	2	2	2	1	7	49
2605	2685	1.97	0	0	2	1	0	1	5	2	0	1	1	5	46
2655	2629	0.36	0	0	2	2	2	1	8	2	2	2	1	8	14
2700	2768	0.82	0	0	2	2	2	1	8	2	2	2	1	8	14
2608	2868	0.05	0	-1	2	2	1	1	7	2	2	1	1	8	20
2609	2662	0.23	0	0	2	2	2	1	7	2	2	2	1	7	38
2671	2627	0.52	0	0	2	2	1	1	5	2	2	1	1	5	37
2705	2733	0.93	0	0	2	2	2	1	7	2	2	2	1	7	12
2605	2622	0.72	0	0	2	2	2	1	8	2	2	2	1	8	26
2659	2605	0.37	0	0	2	2	2	1	8	2	2	2	1	8	9
2660	2615	1.45	0	0	2	1	1	1	6	2	1	1	1	6	52
2619	2633	-0.46	0	0	2	1	2	0	6	2	1	2	0	6	46
2673	2724	0.23	0	0	2	2	2	1	8	2	2	2	1	8	14
2628	2671	-0.47	0	0	2	2	0	1	5	2	1	1	1	5	39
2776	2759	-4.82	0	1	2	2	2	1	7	2	2	2	1	6	28
2635	2690	-8.28	0	0	1	1	1	0	6	1	1	1	0	6	61
2627	2671	0.4	0	0	2	2	2	1	8	2	2	2	1	8	29
2632	2700	-10.12	0	0	1	0	0	0	1	1	0	0	0	1	141
2635	2712	0.0	0	-1	2	2	2	1	7	2	2	2	1	8	21
2650	2790	-7.32	0	4	0	1	1	1	6	1	1	1	0	6	52
2671	2603	0.42	0	0	2	1	2	1	6	2	2	1	1	6	28
2759	2671	-1.39	0	0	2	0	1	1	5	2	0	1	1	5	50
2793	2872	0.47	0	0	1	1	1	0	6	1	1	1	0	6	83
2687	2737	-0.27	0	0	2	1	2	1	7	2	2	1	1	7	36
2620	2616	0.0	0	0	1	1	0	0	5	1	1	0	0	5	104
2673	2740	1.07	0	-2	2	1	2	1	6	2	1	2	1	8	40
2608	2661	0.07	0	-1	2	2	2	1	5	2	2	2	1	6	25
2686	2804	-0.18	0	0	2	1	0	1	3	1	0	2	1	5	49
2606	2628	0.35	0	0	2	2	2	1	8	2	2	2	1	8	19
2620	2616	-6.55	0	-3	1	0	0	0	1	1	1	0	0	1	172
2634	2617	-1.17	0	-2	2	2	0	1	6	2	2	1	1	5	46
2600	2675	-4.8	0	-1	0	1	1	0	1	1	0	0	0	3	104
2636	2656	0.35	0	0	2	2	2	1	7	2	2	2	1	7	9
2707	2725	-3.89	0	0	0	1	0	0	2	0	1	0	0	2	109
2660	2747	0.52	0	0	2	2	2	1	8	2	2	2	1	8	8
2607	2650	-8.51	0	-1	0	0	0	1	1	0	0	0	1	2	148
2680	2650	0.52	0	0	1	1	1	0	6	2	0	1	0	4	51
2602	2655	-4.12	0	0	1	0	1	1	5	1	0	1	1	5	80
2628	2641	0.0	0	0	2	1	1	0	7	2	1	1	0	7	35
2615	2628	-0.87	0	0	1	1	0	1	6	1	1	0	1	6	80
2712	2730	2.3	0	0	2	1	1	1	4	2	0	2	1	4	52
2722	2726	-2.17	0	-1	1	2	0	1	5	2	1	0	1	4	68
2684	2692	-0.58	0	0	2	2	1	1	5	2	1	2	1	5	37
2667	2716	0.59	0	0	2	2	2	1	7	2	2	2	1	7	27
2660	2615	1.41	0	0	2	2	1	1	7	2	2	1	1	7	33
2634	2601	-0.97	0	0	2	0	2	0	6	2	0	2	0	6	38
2630	2602	-0.98	0	-1	2	1	1	1	6	2	1	1	1	7	40
2653	2644	-1.0	0	0	0	0	1	0	3	0	0	1	0	3	122
2668	2702	-0.39	0	0	2	1	2	1	6	2	1	2	1	6	43
2615	2655	0.2	0	0	2	2	2	1	8	2	2	2	1	8	1
2659	2688	-6.44	0	-1	2	1	0	0	4	2	0	1	0	5	60
2678	2703	0.2	0	0	2	2	2	1	8	2	2	2	1	8	9
2628	2602	-1.15	0	1	2	0	2	1	7	2	1	1	1	6	48
2625	2615	-5.11	0	-1	2	2	1	1	5	2	2	1	1	6	43
2670	2607	0.37	0	0	2	2	2	1	8	2	2	2	1	8	1
2645	2678	-4.63	0	4	2	1	0	1	5	1	1	0	1	6	64
2725	2664	0.53	0	1	2	2	2	1	8	2	2	2	1	7	8
2640	2729	0.35	0	0	2	2	2	1	8	2	2	2	1	8	10
2608	2705	-2.89	0	-1	2	0	1	0	4	2	1	0	0	5	81
2690	2668	0.0	0	0	0	0	0	1	3	0	0	0	1	3	90
2625	2630	-3.05	0	-2	1	1	1	1	6	2	0	1	1	6	39
2672	2785	2.43	0	0	1	1	0	1	4	1	0	1	1	4	89
2641	2704	-4.65	0	-2	0	1	1	0	2	0	1	2	0	1	128
2625	2640	-2.5	0	0	1	0	1	1	4	1	0	1	1	4	69
2765	2685	-2.45	0	0	2	1	1	1	6	2	1	1	1	6	52
2630	2625	0.29	0	0	2	2	2	1	8	2	2	2	1	8	10
2661	2757	-7.28	0	-2	1	1	1	1	3	2	0	0	1	6	65
2657	2630	0.89	0	0	2	1	2	1	7	2	1	2	1	7	29
2610	2675	0.28	0	0	2	2	2	1	8	2	2	2	1	8	10
2740	2700	0.31	0	0	2	2	2	1	8	2	2	2	1	8	3
2838	2711	-0.25	0	5	2	1	2	1	5	1	2	1	1	5	50
2731	2614	0.75	0	0	2	2	2	1	6	2	2	2	1	6	26
2729	2619	-5.01	0	-1	1	2	1	1	6	1	1	2	1	7	96
2603	2719	-0.68	0	0	2	1	0	1	6	2	1	0	1	6	36
2659	2702	0.35	0	0	2	2	2	1	7	2	2	2	1	7	28
2636	2733	-1.49	0	-1	1	1	0	1	4	2	0	0	1	3	60
2680	2816	-0.68	0	0	2	0	1	1	7	2	1	0	1	7	77
2699	2634	-0.22	0	-1	2	2	2	1	7	2	2	2	1	8	21
2608	2767	-2.22	0	9	1	1	0	1	4	1	0	1	0	4	84
2654	2653	-4.67	0	0	1	0	0	1	4	1	0	0	1	4	85
2651	2664	0.0	0	-1	2	2	2	1	7	2	2	2	1	8	10
2752	2672	0.18	0	0	2	2	2	1	8	2	2	2	1	8	4
2624	2603	-3.2	0	-2	0	0	1	1	4	0	0	1	1	6	75
2600	2607	0.65	0	1	2	1	1	1	6	2	1	1	1	5	66
2655	2630	-1.03	0	-3	2	1	1	1	7	2	1	2	1	7	23
2629	2757	0.54	0	0	2	2	2	1	8	2	2	2	1	8	4
2625	2630	-4.9	0	-1	0	1	1	1	6	1	0	1	1	5	47
2604	2649	0.44	0	0	2	2	2	1	8	2	2	2	1	8	9
2616	2678	0.23	0	0	2	2	2	1	8	2	2	2	1	8	7
2615	2624	-1.78	0	-3	1	0	0	0	5	1	0	1	0	5	57
2677	2723	-6.02	0	-5	1	1	2	0	4	2	2	0	0	7	60
2804	2746	-0.06	0	0	1	1	0	1	4	1	0	1	1	4	74
2648	2827	-0.63	0	0	2	0	1	1	7	2	0	1	1	7	31
2715	2703	-4.36	0	-2	2	1	1	1	7	2	1	2	1	6	37
2651	2655	-3.52	0	-1	2	0	0	1	3	1	0	1	1	6	71
2623	2630	1.05	0	0	2	2	2	1	8	2	2	2	1	8	17
2690	2648	-1.57	0	0	1	1	1	0	3	1	1	1	0	3	73
2620	2620	-0.09	0	0	2	2	2	1	8	2	2	2	1	8	8
2660	2635	-6.47	0	1	2	1	0	0	4	1	1	1	0	5	67
2663	2603	0.78	0	0	2	2	2	1	8	2	2	2	1	8	24
2688	2700	-4.96	0	0	2	1	1	1	5	2	1	1	1	5	41
2791	2776	0.16	0	0	2	2	2	1	8	2	2	2	1	8	4
2712	2609	3.26	0	-1	2	1	1	1	6	2	1	1	1	7	49
2703	2670	0.5	0	0	2	2	2	1	8	2	2	2	1	8	18
2736	2776	-4.86	0	1	2	2	1	1	6	2	1	2	1	5	56
2685	2661	0.26	0	0	2	2	2	1	7	2	2	2	1	7	21
2646	2708	0.15	0	0	2	1	1	1	6	2	2	0	1	6	31
2640	2720	0.2	0	0	2	2	2	1	8	2	2	2	1	8	1
2694	2644	0.52	0	0	2	2	2	1	8	2	2	2	1	8	13
2753	2795	-4.61	0	-1	2	1	1	0	5	2	1	1	0	6	80
2757	2728	-4.62	0	-2	2	0	1	0	5	2	1	1	0	4	81
2616	2641	0.0	0	-2	1	1	1	1	5	2	0	1	1	5	59
2752	2801	0.37	0	1	1	0	1	0	5	1	0	1	0	4	60
2659	2661	-2.25	0	0	1	1	1	1	6	2	1	0	1	4	69
2773	2784	0.23	0	0	2	2	1	0	7	2	1	2	0	7	17
2630	2605	0.44	0	0	2	2	0	1	8	2	2	0	1	8	41
2651	2689	0.27	0	0	2	1	1	1	7	2	1	1	1	7	31
2679	2679	-0.33	0	0	1	0	1	0	4	1	1	0	0	4	70
2713	2659	-4.94	0	-1	1	1	1	0	5	1	1	1	0	6	88
2649	2662	-4.09	0	-2	2	0	1	0	5	2	0	1	0	7	61
2661	2706	-1.17	0	0	2	1	0	1	5	2	0	1	1	5	67
2646	2620	0.49	0	0	2	2	1	1	8	2	1	2	1	8	19
2600	2635	0.37	0	0	2	2	2	1	8	2	2	2	1	8	17
2620	2630	-4.7	0	-2	0	0	2	0	3	0	1	1	0	5	88
2650	2681	0.0	0	0	2	1	1	1	6	2	0	2	1	6	39
2655	2665	-2.78	0	-1	1	1	0	0	5	1	1	0	0	6	98
2613	2666	1.34	0	0	0	1	0	0	4	0	0	1	0	4	83
2657	2659	0.0	0	0	0	0	1	1	6	0	0	1	1	6	58
2697	2757	-4.41	0	-2	2	1	1	1	5	2	1	1	1	7	49
2641	2619	-2.72	0	-1	2	0	0	0	2	1	1	1	0	2	133
2643	2704	0.69	0	1	2	2	2	1	8	2	2	2	1	7	7
2617	2607	0.86	0	0	2	2	0	1	6	2	1	1	1	6	42
2613	2735	0.48	0	0	2	2	2	1	8	2	2	2	1	8	10
2642	2732	-7.08	0	-1	1	0	0	0	2	1	0	0	0	3	113
2714	2632	-3.4	0	0	0	1	1	0	4	0	1	1	0	4	92
2634	2646	0.51	0	0	2	1	2	1	7	2	1	2	1	7	31
2668	2648	0.33	0	0	2	2	2	1	8	2	2	2	1	8	9
2606	2811	0.41	0	0	2	2	2	1	8	2	2	2	1	8	11
2753	2780	-0.22	0	0	2	1	1	1	5	2	1	1	1	5	59
2607	2704	-6.52	0	-1	1	2	0	1	4	1	1	1	1	5	61
2654	2725	-6.67	0	-3	2	0	1	0	5	2	1	0	0	8	51
2631	2608	0.67	0	1	2	1	2	1	6	2	2	1	1	5	46
2674	2663	-0.33	0	-3	1	0	0	0	4	1	0	1	0	4	83
2641	2669	0.4	0	-1	2	1	2	1	7	2	1	2	1	8	19
2631	2678	0.53	0	0	2	0	2	1	7	2	1	1	1	7	47
2715	2710	-0.57	0	0	1	1	1	0	4	1	0	2	0	4	70
2615	2762	0.3	0	0	2	2	2	1	8	2	2	2	1	8	12
2740	2752	0.12	0	0	2	2	2	1	8	2	2	2	1	8	21
2600	2733	0.39	0	0	2	2	2	1	8	2	2	2	1	8	21
2759	2705	0.11	0	1	2	1	2	1	8	2	2	1	1	7	47
2663	2615	0.53	0	0	2	2	2	1	8	2	2	2	1	8	29
2624	2643	-0.77	0	0	2	2	2	1	7	2	2	2	1	7	28
2618	2622	0.19	0	0	2	2	2	1	8	2	2	2	1	8	9
2754	2774	-1.09	0	-1	0	0	0	1	5	0	0	0	1	6	60
2640	2611	0.56	0	0	2	2	2	1	6	2	2	2	1	6	20
2629	2631	-0.76	0	0	2	2	2	1	6	2	2	2	1	6	37
2679	2762	0.2	0	0	2	2	2	1	7	2	2	2	1	7	16
2810	2726	-9.73	0	0	0	0	0	0	3	0	0	0	0	3	100
2678	2666	-0.09	0	-11	2	1	2	0	5	2	2	1	1	7	31
2662	2609	0.51	0	-3	2	2	1	1	8	2	2	2	1	8	13
2650	2713	-0.95	0	-1	1	1	2	0	4	1	1	2	0	5	73
2685	2695	0.27	0	0	2	2	2	1	8	2	2	2	1	8	4
2662	2693	1.19	0	0	2	0	2	1	7	2	1	1	1	7	33
2627	2603	-4.24	0	-1	1	0	1	1	3	1	0	1	1	4	65
2666	2655	0.59	0	-1	2	2	2	1	7	2	2	2	1	8	7
2715	2615	0.13	0	-1	2	2	2	1	7	2	2	2	1	8	11
2605	2735	-2.9	0	-1	1	1	1	1	6	2	0	1	1	5	51
2716	2780	-5.7	0	-1	1	0	0	0	2	1	0	0	0	3	86
2609	2686	0.62	0	0	2	1	1	1	7	2	1	1	1	7	34
2606	2606	-0.45	0	0	2	0	1	1	5	2	0	1	1	5	41
2678	2643	-1.28	0	0	1	1	1	1	6	1	1	1	1	6	42
2660	2615	1.25	0	0	2	1	1	1	6	2	1	1	1	6	69
2621	2711	0.82	0	0	2	2	2	1	7	2	2	2	1	7	23
2625	2600	-5.74	0	-2	2	0	1	0	5	1	2	1	0	6	55
2720	2641	0.0	0	1	1	2	0	1	4	0	1	2	1	5	66
2663	2654	-0.13	0	0	2	1	2	1	8	2	2	1	1	8	23
2635	2630	-1.22	0	-3	2	1	0	0	4	2	2	0	0	4	63
2657	2648	-2.32	0	-1	0	1	0	1	5	0	1	0	1	6	57
2753	2780	0.11	0	3	2	2	2	1	5	2	1	2	1	5	36
2655	2810	-2.01	0	-1	2	0	1	1	4	2	0	1	1	5	69
2709	2724	-4.69	0	-6	1	1	0	1	3	2	1	0	1	4	79
2764	2686	0.62	0	-1	2	0	1	1	5	2	1	0	1	6	95
2751	2703	4.07	0	-6	2	1	1	1	5	2	2	2	1	5	41
2630	2720	-0.59	0	1	2	1	0	1	6	2	1	0	1	5	62
2851	2725	-0.5	0	1	2	1	0	1	6	2	1	0	1	5	0
2764	2673	0.21	0	0	2	2	2	1	8	2	2	2	1	8	9
2753	2795	0.35	0	0	2	2	2	1	8	2	2	2	1	8	13
2632	2667	-3.55	0	-1	1	0	0	0	4	0	0	2	0	4	97
2687	2655	-4.59	0	-1	1	0	1	0	3	1	0	1	0	4	79
2655	2715	-5.45	0	-3	1	0	0	0	4	1	0	1	0	4	77
2612	2667	0.14	0	-1	2	2	2	1	7	2	2	2	1	8	15
2719	2739	-0.3	0	0	2	2	2	1	7	2	2	2	1	7	22
2635	2654	0.14	0	0	2	2	2	1	8	2	2	2	1	8	10
2760	2793	-4.19	0	-1	2	1	1	1	6	2	1	1	1	7	58
2618	2714	-4.7	0	0	1	0	1	1	2	0	2	0	1	4	85
2615	2611	-0.52	0	-1	1	1	2	0	3	1	2	1	0	4	84
2663	2679	-0.8	0	0	2	2	2	1	7	2	2	2	1	7	22
2603	2694	-9.78	0	-2	0	0	1	0	4	1	0	0	0	4	100
2645	2675	-4.55	0	0	1	0	0	0	4	1	0	0	0	4	77
2667	2668	0.49	0	0	2	2	2	1	8	2	2	2	1	8	14
2707	2796	-0.19	0	0	2	2	2	1	7	2	2	2	1	7	27
2751	2610	-1.85	0	0	2	0	0	0	4	1	1	0	0	6	62
2636	2637	-1.57	0	0	2	0	1	1	6	2	1	0	1	6	61
2659	2642	-7.36	0	-5	1	1	1	1	4	2	0	2	1	4	72
2616	2629	-0.95	0	0	2	2	2	1	6	2	2	2	1	6	48
2685	2740	0.11	0	0	2	2	2	1	7	2	2	2	1	7	12
2694	2751	-0.25	0	0	0	0	1	1	6	0	0	1	1	6	70
2613	2751	0.51	0	0	2	2	2	1	8	2	2	2	1	8	5
2709	2715	-1.49	0	0	1	1	1	1	6	1	1	1	1	6	37
2638	2658	-1.42	0	-1	2	1	2	1	5	2	1	2	1	6	43
2657	2676	1.21	0	-3	1	2	1	1	5	2	0	2	1	6	37
2691	2654	-1.35	0	0	2	1	1	0	6	2	1	1	0	6	63
2713	2615	-0.97	0	0	2	1	1	1	7	2	1	1	1	7	40
2615	2670	0.27	0	0	2	1	2	1	7	2	1	2	1	7	38
2643	2616	0.0	0	1	2	0	0	0	4	1	1	0	0	5	95
2628	2772	0.75	0	0	2	0	2	1	7	2	1	1	1	7	32
2710	2756	0.33	0	0	2	2	2	1	8	2	2	2	1	8	3
2616	2661	-1.37	0	-2	0	0	1	0	4	0	0	1	0	6	74
2622	2714	0.48	0	0	2	2	2	1	8	2	2	2	1	8	15
2705	2690	0.34	0	0	2	2	2	1	8	2	2	2	1	8	24
2664	2616	-0.03	0	0	0	2	0	0	5	0	2	0	0	5	127
2617	2640	-0.08	0	0	1	1	0	0	5	1	0	1	0	5	57
2737	2735	-2.66	0	0	2	2	1	1	6	2	1	2	1	6	52
2630	2640	-5.63	0	-1	0	1	1	0	4	1	0	1	0	3	89
2637	2624	0.78	0	0	2	1	2	0	7	2	1	2	0	7	40
2625	2685	-4.12	0	-1	0	1	1	1	5	0	1	1	1	6	61
2655	2715	-1.27	0	1	2	1	1	0	7	2	0	2	0	6	46
2626	2722	-0.75	0	0	2	2	1	1	7	2	2	1	1	7	44
2710	2695	0.26	0	0	2	2	2	1	8	2	2	2	1	8	4
2620	2698	0.28	0	0	1	1	0	1	5	1	0	1	1	5	0
2628	2701	-4.63	0	0	1	1	0	1	3	2	1	1	0	4	70
2706	2681	0.33	0	0	2	1	2	1	6	2	2	1	1	6	20
2759	2705	-0.23	0	1	2	1	2	1	8	2	2	1	1	7	39
2623	2707	-1.94	0	-1	1	1	1	1	5	1	1	1	1	6	53
2628	2615	2.0	0	0	2	1	2	1	7	2	1	2	1	7	33
2734	2628	0.38	0	0	2	2	2	1	8	2	2	2	1	8	7
2729	2813	0.42	0	-1	2	1	2	1	7	2	2	1	1	8	17
2623	2671	-1.85	0	0	2	0	1	1	5	1	1	1	1	7	42
2651	2617	-0.92	0	0	2	1	2	1	6	2	1	2	1	6	29
2642	2715	-7.06	0	-1	2	0	1	0	4	2	1	0	0	5	97
2640	2844	2.54	0	0	2	1	1	1	2	2	0	1	1	5	57
2689	2689	-6.55	0	-2	1	1	1	0	3	1	2	0	0	5	89
2636	2649	-0.25	0	0	2	1	2	1	7	2	1	2	1	7	33
2605	2608	0.54	0	-1	1	1	1	0	4	2	0	0	0	6	70
2600	2642	-4.9	0	-1	2	0	0	0	3	1	1	1	0	3	95
2653	2741	0.39	0	0	2	1	2	1	8	2	2	1	1	8	23
2600	2610	1.2	0	0	2	2	2	1	6	2	2	2	1	6	34
2635	2710	-5.21	0	-2	2	0	1	1	3	2	1	0	1	5	72
2615	2605	-0.41	0	0	2	2	1	1	6	2	1	2	1	6	24
2772	2677	0.36	0	0	2	1	2	1	8	2	2	1	1	8	24
2655	2600	0.0	0	0	0	1	1	1	6	0	1	1	1	6	52
2619	2715	0.66	0	0	2	2	2	1	8	2	2	2	1	8	6
2608	2747	-6.28	0	-1	1	1	1	1	5	1	1	1	1	6	59
2667	2656	0.57	0	0	2	2	2	1	8	2	2	2	1	8	13
2734	2810	-5.09	0	-1	0	1	1	0	0	1	0	0	0	2	150
2600	2600	-0.31	0	-3	2	1	2	1	5	2	2	2	1	5	43
2645	2630	1.91	0	2	1	2	2	1	5	1	1	2	1	6	54
2679	2624	-5.0	0	-2	1	1	0	0	1	0	1	2	0	2	115
2671	2692	-5.25	0	-1	1	0	0	0	2	1	0	0	0	3	113
2695	2687	-5.59	0	-3	2	1	1	0	3	2	1	1	0	6	58
2679	2701	0.43	0	1	2	2	2	1	8	2	2	2	1	7	14
2740	2721	0.73	0	0	2	1	2	1	7	2	1	2	1	7	25
2674	2700	-2.15	0	-2	0	0	2	0	2	1	0	1	0	2	173
2692	2632	0.29	0	0	2	2	2	1	8	2	2	2	1	8	9
2646	2691	-3.68	0	0	1	0	1	0	2	1	0	1	0	2	97
2676	2652	-0.31	0	0	2	2	2	1	8	2	2	2	1	8	2
2637	2689	-3.75	0	-1	2	2	1	0	6	2	2	1	0	7	55
2623	2709	-2.52	0	0	2	1	2	1	7	2	1	2	1	7	40
2723	2758	-0.76	0	0	2	1	1	1	7	2	1	1	1	7	35
2690	2664	-5.38	0	-1	1	1	0	0	2	1	0	1	0	3	109
2604	2677	-0.89	0	0	1	0	0	0	1	1	0	0	0	1	131
2711	2751	-2.16	0	0	2	1	0	1	6	2	0	1	1	6	53
2669	2711	-0.08	0	0	2	2	2	1	7	2	2	2	1	7	20
2625	2645	-0.09	0	-5	1	0	2	1	6	2	1	1	1	6	51
2645	2660	0.61	0	0	2	2	2	1	8	2	2	2	1	8	4
2748	2726	-0.48	0	0	2	2	2	0	7	2	2	2	0	7	41
2617	2623	0.39	0	0	2	1	2	1	7	2	1	2	1	7	41
2742	2813	-6.98	0	-2	1	1	1	1	5	2	0	1	1	5	53
2613	2649	0.21	0	0	2	2	2	1	8	2	2	2	1	8	10
2678	2636	-4.17	0	-1	2	1	1	0	4	2	1	1	0	5	44
2635	2691	-0.21	0	0	2	2	2	1	8	2	2	2	1	8	13
2633	2680	-13.37	0	-2	1	0	0	0	2	1	0	0	0	4	123
2626	2662	-5.66	0	-4	2	0	2	0	5	1	0	2	1	5	71
2630	2665	-4.13	0	-1	0	1	0	1	5	1	0	0	1	4	83
2605	2732	0.18	0	-1	2	2	2	1	7	2	2	2	1	8	11
2623	2611	-0.13	0	0	2	2	1	1	8	2	1	2	1	8	18
2723	2740	0.71	0	0	2	1	1	1	7	2	1	1	1	7	43
2680	2804	0.0	0	0	1	1	1	1	5	1	1	1	1	5	70
2644	2690	0.37	0	0	2	1	2	1	7	2	1	2	1	7	16
2617	2663	0.74	0	-1	2	2	2	1	6	2	2	2	1	7	19
2605	2630	0.55	0	0	2	2	2	1	8	2	2	2	1	8	6
2667	2652	-1.13	0	2	2	0	1	1	6	1	1	1	1	6	70
2611	2645	0.42	0	0	2	1	2	1	6	2	2	1	1	6	38
2609	2722	-0.12	0	0	2	2	2	1	8	2	2	2	1	8	11
2774	2740	0.38	0	0	2	2	2	1	8	2	2	2	1	8	6
2625	2620	0.37	0	0	2	2	2	1	7	2	2	2	1	7	19
2605	2619	0.75	0	0	2	1	1	1	6	2	1	1	1	6	37
2750	2741	0.71	0	-1	2	1	1	1	6	2	2	0	1	7	38
2672	2681	-0.06	0	0	2	2	2	1	8	2	2	2	1	8	9
2604	2681	-1.98	0	-1	1	0	1	0	3	1	0	1	0	4	106
2815	2733	-4.2	0	1	2	0	0	0	6	1	1	1	0	4	52
2662	2709	-6.31	0	-4	1	1	1	0	5	1	1	2	0	6	56
2655	2735	-3.9	0	1	2	2	0	1	5	2	0	2	1	4	62
2683	2729	-8.09	0	-1	1	1	1	1	6	1	1	1	1	7	77
2624	2663	-0.18	0	0	2	0	1	0	7	2	0	1	0	7	64
2615	2680	0.61	0	0	2	2	2	1	7	2	2	2	1	7	15
2694	2714	-5.26	0	-1	1	0	1	1	4	1	1	0	1	5	85
2635	2620	-3.59	0	-1	2	0	0	0	4	1	1	1	0	4	100
2695	2628	1.07	0	-2	2	0	2	1	7	2	1	2	1	6	27
2694	2630	-4.17	0	-2	1	0	2	0	3	0	0	1	1	4	97
2732	2778	-1.24	0	-1	1	1	1	0	5	2	0	1	0	4	63
2670	2726	-6.44	0	-3	1	2	0	1	3	2	0	1	1	4	71
2688	2689	-0.52	0	0	2	0	2	1	7	2	1	1	1	7	37
2653	2634	-3.56	0	-2	1	0	0	0	3	1	0	1	0	2	115
2669	2723	0.22	0	-3	2	1	2	1	7	2	2	2	1	7	23
2733	2746	0.41	0	0	2	2	2	1	8	2	2	2	1	8	3
2655	2710	-4.88	0	0	1	1	1	0	5	1	1	1	0	5	84
2671	2650	0.1	0	0	2	1	1	1	5	2	1	1	1	5	58
2717	2652	-4.05	0	-2	1	1	1	1	4	2	1	0	1	4	75
2610	2707	0.0	0	-3	2	0	2	1	7	2	1	2	1	7	27
2610	2663	0.6	0	0	2	2	2	1	8	2	2	2	1	8	31
2620	2610	0.2	0	0	2	2	2	1	8	2	2	2	1	8	1
2698	2733	0.21	0	0	2	2	2	1	8	2	2	2	1	8	20
2646	2629	0.95	0	0	0	1	1	0	6	0	1	1	0	6	87
2738	2781	0.15	0	0	2	2	2	1	8	2	2	2	1	8	19
2690	2676	-0.52	0	3	1	1	1	0	5	1	1	0	0	5	52
2616	2626	-0.75	0	0	2	1	1	1	5	2	0	2	1	5	55
2664	2661	-0.03	0	4	2	0	1	1	6	1	1	1	1	4	54
2732	2800	0.23	0	0	2	2	2	1	8	2	2	2	1	8	5
2714	2625	-5.55	0	-4	2	0	1	0	4	1	1	0	1	4	52
2660	2638	-6.9	0	-1	0	0	1	1	3	0	1	0	1	4	85
2714	2682	0.03	0	1	2	2	2	1	6	2	2	2	1	5	46
2630	2679	0.16	0	-1	2	2	2	1	6	2	2	2	1	7	28
2681	2658	2.23	0	0	2	0	1	1	5	2	1	0	1	5	46
2675	2662	0.16	0	0	2	1	2	1	8	2	2	1	1	8	0
2783	2769	-2.84	0	0	0	1	1	0	4	0	1	1	0	4	84
2628	2641	-0.46	0	0	2	0	1	0	5	2	1	0	0	5	72
2622	2633	0.0	0	0	1	0	1	0	5	1	1	0	0	5	48
2663	2610	0.67	0	0	2	1	1	1	7	2	1	1	1	7	63
2646	2723	-0.25	0	0	2	1	2	1	6	2	1	2	1	6	44
2616	2654	-5.25	0	-1	1	0	0	0	2	1	0	0	0	3	76
2602	2649	-1.78	0	-1	2	2	2	1	5	2	2	2	1	6	64
2660	2635	-2.12	0	-1	1	1	0	0	6	1	1	0	0	7	66
2682	2624	-0.96	0	0	2	2	1	1	7	2	1	2	1	7	44
2620	2615	0.26	0	-1	2	2	1	1	6	2	1	2	1	7	21
2725	2754	-0.56	0	0	2	2	1	1	8	2	1	2	1	8	30
2652	2678	-0.12	0	-1	2	0	0	1	2	2	0	0	1	3	95
2632	2614	-67.15	0	-5	0	0	0	0	1	0	1	1	0	0	135
2665	2645	0.5	0	0	2	1	1	1	7	2	1	1	1	7	30
2677	2721	-1.23	0	0	1	0	1	1	4	1	0	1	1	4	74
2627	2671	-4.13	0	-1	2	0	1	1	5	2	0	1	1	6	53
2620	2660	0.51	0	0	2	2	1	1	6	2	1	2	1	6	46
2610	2709	0.67	0	0	2	2	2	1	8	2	2	2	1	8	11
2617	2649	-0.75	0	0	2	1	2	1	8	2	2	1	1	8	22
2664	2610	0.54	0	0	2	2	2	1	7	2	2	2	1	7	0
2677	2740	0.49	0	0	2	1	2	1	7	2	1	2	1	7	25
2616	2701	-4.25	0	-1	0	1	0	0	2	0	0	1	0	3	118
2602	2612	0.0	0	-2	1	1	1	1	6	1	1	2	1	5	50
2660	2645	0.15	0	0	2	2	2	1	8	2	2	2	1	8	1
2622	2755	-0.28	0	1	1	0	1	1	7	1	0	1	1	6	54
2604	2621	-0.17	0	1	2	2	1	1	7	2	1	2	1	6	52
2611	2655	-0.2	0	-1	2	2	2	1	6	2	2	2	1	7	14
2738	2639	-5.09	0	2	2	2	2	1	6	2	2	2	1	4	54
2660	2740	0.0	0	0	2	2	1	1	6	2	1	2	1	6	31
2657	2690	-4.39	0	-2	2	0	1	0	2	2	2	0	0	1	84
2663	2615	-4.66	0	-4	2	1	1	0	5	1	1	1	1	5	55
2793	2809	0.12	0	0	2	2	2	1	8	2	2	2	1	8	22
2757	2786	-1.81	0	0	0	1	1	0	7	1	0	1	0	5	58
2623	2607	-0.08	0	0	2	2	2	1	8	2	2	2	1	8	15
2682	2729	-4.55	0	1	2	0	1	1	5	2	0	1	1	4	52
2685	2711	0.54	0	0	2	2	2	1	7	2	2	2	1	7	15
2637	2646	0.35	0	0	2	2	2	1	7	2	2	2	1	7	18
2625	2660	-4.0	0	-1	0	0	2	1	5	0	1	1	1	6	58
2625	2611	0.85	0	0	2	0	2	0	6	2	1	1	0	6	40
2713	2646	-0.19	0	0	2	2	2	1	7	2	2	2	1	7	24
2698	2691	0.29	0	0	2	2	2	1	7	2	2	2	1	7	21
2689	2673	-2.85	0	-2	2	1	1	0	4	2	1	1	0	6	59
2659	2628	-8.35	0	-2	1	0	0	0	0	1	0	0	0	2	120
2738	2639	-1.22	0	0	2	2	2	1	8	2	2	2	1	8	18
2648	2676	2.84	0	0	2	0	1	1	7	2	1	0	1	7	35
2637	2636	-4.15	0	-2	0	0	0	0	4	0	0	1	0	3	89
2630	2675	0.55	0	-3	2	1	2	1	7	2	2	2	1	7	17
2610	2690	0.26	0	0	2	2	2	1	8	2	2	2	1	8	1
2628	2692	0.75	0	-1	2	2	2	1	7	2	2	2	1	8	19
2610	2695	-7.51	0	-2	2	1	1	1	2	2	0	2	1	4	58
2695	2603	-0.27	0	-1	1	1	1	0	5	1	1	1	0	6	60
2611	2632	1.32	0	0	2	1	2	1	7	2	1	2	1	7	29
2644	2602	1.44	0	0	2	2	2	1	7	2	2	2	1	7	33
2646	2618	0.24	0	-1	2	2	2	1	7	2	2	2	1	8	15
2610	2650	-4.66	0	-2	2	0	0	0	4	1	1	1	0	5	106
2650	2751	0.12	0	0	2	2	2	1	7	2	2	2	1	7	14
2722	2765	0.06	0	0	2	2	2	1	7	2	2	2	1	7	23
2632	2634	-0.05	0	-1	2	0	1	0	6	2	1	0	0	7	57
2630	2625	-5.94	0	-1	1	0	1	1	2	0	1	1	1	5	87
2662	2744	-2.89	0	-1	0	0	1	0	4	0	0	1	0	5	70
2607	2618	-0.15	0	1	2	0	1	0	4	2	0	1	0	3	72
2682	2826	0.39	0	0	2	2	1	0	7	2	1	2	0	7	25
2658	2715	-4.03	0	0	2	0	2	1	8	2	0	2	1	8	38
2786	2749	-2.36	0	-3	1	1	0	0	2	2	0	0	0	3	104
2637	2646	-0.03	0	0	2	0	2	1	5	2	1	1	1	5	59
2614	2631	0.41	0	0	2	2	1	1	8	2	2	1	1	8	23
2605	2655	-2.4	0	-1	1	0	0	0	2	1	0	0	0	3	136
2693	2794	-5.76	0	-1	1	0	1	1	2	1	1	0	1	3	78
2718	2812	-2.36	0	0	1	0	1	0	3	1	0	1	0	3	93
2650	2700	0.76	0	-3	2	1	2	1	6	2	2	2	1	6	0
2650	2720	-9.5	0	-3	0	0	0	1	2	0	0	0	1	5	82
2670	2790	-0.35	0	0	2	1	2	1	7	2	1	2	1	7	24
2673	2670	-4.24	0	2	2	0	2	1	6	1	1	2	1	6	31
2674	2729	-0.38	0	0	2	2	2	1	8	2	2	2	1	8	32
2616	2668	-6.12	0	-3	0	0	1	0	0	1	0	0	0	1	93
2705	2690	0.01	0	1	2	2	2	1	8	2	2	2	1	7	16
2731	2785	0.25	0	0	2	2	2	1	8	2	2	2	1	8	12
2685	2614	0.95	0	3	2	2	1	1	7	2	2	0	1	7	34
2737	2785	-3.26	0	-1	1	0	0	1	4	1	0	1	1	2	103
2778	2773	-10.01	0	2	2	1	0	1	5	0	1	2	1	7	68
2710	2712	0.43	0	0	2	2	2	1	8	2	2	2	1	8	0
2701	2691	0.45	0	1	2	2	2	1	8	2	2	2	1	7	14
2682	2616	-0.39	0	0	2	2	2	1	7	2	2	2	1	7	34
2662	2671	-0.29	0	0	1	0	1	1	4	1	0	1	1	4	89
2769	2805	0.45	0	0	2	2	2	1	8	2	2	2	1	8	27
2700	2690	0.24	0	0	2	2	2	1	7	2	2	2	1	7	20
2615	2625	-59.08	0	-2	1	1	0	0	0	1	1	0	0	2	113
2689	2669	-2.7	0	-1	1	0	2	0	5	1	1	1	0	6	65
2697	2628	0.26	0	0	2	2	2	1	7	2	2	2	1	7	18
2608	2747	0.29	0	0	2	2	2	1	8	2	2	2	1	8	6
2700	2711	-4.66	0	-1	2	0	0	0	5	2	0	0	0	6	78
2793	2727	0.18	0	0	2	2	2	1	8	2	2	2	1	8	21
2635	2655	-0.02	0	1	2	2	1	1	8	2	1	2	1	7	20
2649	2671	0.0	0	0	2	1	2	1	7	2	1	2	1	7	30
2730	2650	-3.55	0	-1	1	1	0	0	4	1	0	1	0	5	124
2623	2619	-0.62	0	0	1	1	2	0	6	1	1	2	0	6	87
2667	2731	-0.31	0	-2	1	1	0	0	1	1	0	1	0	3	113
2647	2718	0.25	0	0	2	1	1	0	7	2	0	2	0	7	44
2734	2749	-2.98	0	0	2	0	1	1	4	2	1	0	1	4	74
2724	2793	0.28	0	-9	2	2	2	0	6	2	2	2	1	6	21
2722	2681	0.33	0	0	2	1	1	1	6	2	1	1	1	6	50
2652	2624	-3.82	0	-1	1	0	2	0	6	2	0	1	0	5	66
2684	2787	0.0	0	0	1	0	1	1	5	1	1	0	1	5	66
2726	2707	-1.0	0	0	1	0	0	1	7	1	0	0	1	7	42
2700	2612	-0.19	0	0	1	0	0	0	4	1	0	0	0	4	83
2630	2770	0.32	0	0	2	2	2	1	8	2	2	2	1	8	1
2621	2683	0.44	0	3	2	2	2	1	7	2	1	2	1	7	12
2651	2717	-0.46	0	-1	2	2	2	1	7	2	2	2	1	8	31
2667	2716	0.0	0	2	2	1	1	1	4	1	1	2	1	4	67
2638	2697	0.47	0	0	2	2	2	1	8	2	2	2	1	8	11
2876	2798	0.13	0	0	2	2	1	1	7	2	1	2	1	7	21
2624	2618	-0.5	0	1	2	1	0	1	6	2	0	1	1	5	48
2601	2608	0.16	0	0	2	2	2	1	8	2	2	2	1	8	3
2753	2749	0.06	0	0	2	2	2	1	8	2	2	2	1	8	12
2677	2649	-0.02	0	3	2	2	2	1	4	2	1	2	1	4	48
2762	2742	0.26	0	1	2	2	1	1	7	2	1	2	1	6	28
2669	2607	2.16	0	-1	2	1	2	1	5	2	1	2	1	6	54
2680	2650	0.62	0	-1	1	2	1	1	7	2	1	1	1	6	26
2754	2706	-4.13	0	-1	2	1	2	1	5	2	2	1	1	6	54
2662	2663	-7.05	0	-1	0	1	0	0	3	0	0	1	0	4	88
2635	2670	-2.71	0	-3	1	1	2	1	5	2	1	1	1	6	52
2636	2738	-7.36	0	0	2	0	1	1	5	2	0	1	1	5	51
2634	2730	0.27	0	0	2	2	2	1	8	2	2	2	1	8	18
2600	2610	-6.01	0	-2	1	1	2	1	6	2	1	1	1	6	56
2692	2710	-1.7	0	0	2	2	1	1	6	2	2	1	1	6	43
2619	2714	0.33	0	0	2	2	2	1	8	2	2	2	1	8	6
2625	2615	0.64	0	0	2	2	1	1	7	2	1	2	1	7	20
2708	2682	-4.39	0	1	1	0	0	1	5	1	0	0	1	4	60
2640	2600	0.71	0	0	2	2	2	1	7	2	2	2	1	7	21
2660	2638	0.0	0	0	2	1	2	1	7	2	2	1	1	7	16
2740	2740	0.44	0	0	2	2	2	1	7	2	2	2	1	7	16
2739	2837	0.27	0	0	2	2	2	1	8	2	2	2	1	8	18
